411
524
710
1554
1602
2330
2432
2662
2855
4595
5073
5223
5357
5473
5642
6121
6450
6820
7108
7304
7583
8009
8065
8086
8320
8528
8587
8612
8725
9078
9285
10188
10271
10293
10530
10617
10793
11069
11330
11397
11593
11650
11834
12006
12703
12917
13118
13352
13436
13458
13468
13649
13983
15078
15142
15169
15501
15604
15835
16064
16079
16652
16684
16701
16768
16773
16917
16987
16995
17689
17939
18291
18352
18914
18965
19020
19224
19341
19402
19714
19784
19789
19922
20010
20086
20231
20252
20738
20773
20947
21069
21102
21482
21941
22461
22530
22691
23011
23061
23107
23287
23308
23574
24387
24487
24495
24777
24863
24989
24998
25000
25092
25097
25101
25139
25230
25517
25664
25735
25875
26321
26456
26847
26980
27098
27308
27534
27546
27912
27927
28145
28586
28725
28773
28856
28999
29141
29386
29626
30057
30190
30902
31177
31201
31267
31369
31422
31722
31812
32065
32565
32724
32779
32899
32983
33930
33958
34306
34479
34737
34911
34963
35049
35132
35218
35323
35330
35349
35505
35600
35840
36728
36923
37229
37269
37840
37979
38054
38065
38278
38341
38399
38573
38702
39119
39257
39708
39732
40711
41074
41191
41206
41348
41400
41693
41814
42192
42528
42553
42882
43010
43306
43568
43595
43601
44002
44119
44193
44412
44442
44725
45179
45200
45296
45403
45457
45824
45905
46011
46500
46565
46606
46751
47102
47509
47722
47736
47968
48421
48437
48610
48761
49184
49295
49469
49875
50187
50327
50390
50450
50502
50644
50984
51515
51678
51697
51735
51914
52114
52378
52434
52511
53314
53355
53714
54120
54789
54861
55304
55384
55386
55727
55736
55941
56099
56101
56314
56330
56974
57058
57216
57343
57451
57477
57491
57525
57541
57616
57820
57881
58126
58250
58532
58739
59240
59455
59467
60014
60325
60428
60481
60590
60765
60825
60834
60843
61063
61113
61311
61636
61790
61942
62137
62165
62174
62197
62686
62712
62777
63003
63282
63361
63376
63450
63684
63806
63835
63926
63956
63958
64003
64109
64164
64174
64203
64214
64225
64226
64383
64470
64560
64637
65000
65174
65293
65346
65418
65907
65912
66103
66246
66342
66357
66407
66656
66777
66817
67148
67356
67399
67504
67704
67767
67775
67825
67982
68028
68060
68181
68348
68396
68435
68936
68978
69026
69547
69772
69919
69992
70184
70228
70316
70543
70555
70558
70991
71159
71316
71329
71686
71744
71750
71824
71902
72181
72363
72388
72409
72605
72778
72848
72982
72998
73335
73438
73708
73721
73835
74155
74328
74442
74555
74628
74702
75492
75563
75625
75761
75776
76107
76433
76646
76661
76669
76674
77059
77144
77152
77191
77240
77409
77547
77698
77916
78038
78233
78351
78532
78700
79053
79106
79139
79368
79515
79539
79592
79704
79732
79737
79853
80020
80141
80222
80385
80648
81103
81128
81210
81282
81393
81414
81483
81710
81764
82337
82496
82686
82775
82942
83053
83061
83159
83166
83194
83244
83427
83517
83689
83695
83759
83774
83790
84010
84160
84230
84462
84671
84682
84892
85220
85248
85859
85919
86293
86676
86680
86727
86839
86953
87084
87103
87169
87490
87500
87613
87944
88229
88256
88261
88324
88583
88715
88733
88737
89004
89339
89426
89461
89463
89845
89958
89960
90040
90089
90124
90294
90313
90417
90469
90709
90711
90875
91016
91049
91061
91115
91217
91380
91536
91589
91799
91882
92091
92123
92243
92336
92488
92803
93006
93192
93247
93251
93391
93515
93539
93602
93687
93745
93874
93882
93898
93901
94093
94190
94231
94334
94416
94768
94813
94821
94846
94893
94919
95001
95019
95102
95129
95175
95183
95550
95594
95796
95914
96271
96546
96662
97588
97635
97755
97811
98072
98101
98250
98335
98451
98576
98606
98790
98850
98860
99178
99441
99521
99753
