8
23
41
42
46
52
61
65
69
87
91
104
110
115
126
134
136
147
153
162
176
179
194
207
221
232
234
240
248
269
272
277
292
294
295
305
325
358
361
377
380
381
385
418
424
425
427
432
436
438
439
441
446
452
457
460
466
478
486
493
497
507
511
517
522
546
549
554
558
564
577
581
586
588
592
606
618
626
627
628
645
651
669
675
680
682
685
688
711
723
738
746
747
752
755
757
759
769
771
774
779
781
785
794
808
809
828
843
847
851
852
853
859
872
898
968
977
996
1004
1019
1049
1051
1060
1085
1086
1087
1101
1102
1115
1119
1120
1130
1133
1136
1137
1143
1150
1156
1164
1165
1174
1180
1185
1192
1205
1210
1211
1216
1218
1231
1236
1240
1253
1258
1259
1280
1281
1284
1301
1302
1319
1321
1322
1323
1331
1334
1346
1348
1363
1364
1365
1381
1383
1385
1393
1396
1403
1404
1405
1409
1411
1429
1430
1442
1443
1453
1460
1461
1470
1475
1478
1479
1484
1486
1491
1495
1511
1515
1516
1531
1535
1546
1555
1564
1567
1571
1581
1604
1613
1629
1636
1639
1641
1644
1677
1678
1680
1684
1687
1710
1712
1722
1730
1745
1747
1749
1762
1768
1783
1787
1791
1792
1793
1808
1840
1845
1847
1857
1862
1864
1879
1888
1891
1898
1909
1911
1924
1929
1935
1945
1956
1969
1970
1981
1984
2002
2003
2004
2008
2011
2016
2020
2032
2035
2039
2049
2081
2088
2095
2096
2097
2107
2109
2122
2123
2137
2140
2162
2168
2174
2178
2182
2191
2192
2194
2200
2201
2206
2208
2212
2213
2215
2216
2218
2219
2230
2240
2245
2253
2264
2272
2287
2299
2301
2305
2322
2325
2354
2356
2360
2372
2373
2377
2381
2396
2398
2408
2413
2414
2426
2427
2430
2445
2462
2463
2466
2467
2473
2477
2492
2495
2508
2509
2512
2523
2525
2533
2536
2545
2550
2551
2554
2559
2566
2568
2570
2573
2582
2585
2588
2610
2618
2625
2626
2647
2649
2652
2660
2662
2665
2678
2679
2692
2693
2699
2714
2726
2728
2748
2753
2756
2760
2766
2779
2780
2784
2789
2804
2807
2816
2817
2821
2828
2840
2841
2844
2849
2852
2853
2865
2881
2897
2899
2921
2926
2931
2935
2937
2939
2941
2946
2956
2962
2963
2976
2982
2983
3006
3010
3017
3019
3037
3038
3039
3042
3047
3073
3075
3079
3082
3085
3086
3087
3094
3096
3103
3116
3118
3125
3130
3136
3143
3154
3157
3160
3162
3163
3164
3167
3174
3176
3192
3193
3197
3230
3241
3246
3247
3249
3250
3252
3265
3269
3276
3280
3291
3293
3299
3301
3308
3309
3318
3321
3324
3333
3340
3361
3373
3374
3376
3385
3387
3393
3396
3397
3401
3403
3425
3433
3445
3450
3469
3470
3471
3480
3482
3483
3488
3494
3495
3504
3507
3508
3509
3515
3518
3519
3521
3526
3533
3539
3544
3549
3551
3561
3562
3572
3589
3596
3602
3605
3617
3634
3642
3643
3647
3655
3659
3673
3679
3681
3689
3705
3713
3714
3715
3727
3729
3731
3733
3734
3751
3759
3771
3775
3778
3779
3792
3793
3797
3812
3823
3851
3861
3893
3900
3906
3911
3912
3913
3941
3952
3955
3960
3961
3964
3969
3986
3988
3999
4006
4021
4024
4056
4067
4076
4077
4089
4090
4094
4105
4112
4113
4120
4126
4129
4134
4135
4148
4152
4157
4162
4169
4172
4173
4176
4188
4189
4190
4197
4200
4205
4206
4219
4237
4246
4251
4270
4271
4273
4274
4291
4300
4318
4319
4321
4335
4345
4347
4356
4365
4367
4372
4386
4389
4393
4399
4402
4403
4405
4407
4414
4415
4419
4426
4431
4445
4465
4469
4475
4476
4486
4493
4495
4502
4515
4527
4533
4542
4546
4553
4562
4563
4567
4583
4585
4591
4595
4599
4601
4636
4640
4648
4658
4665
4668
4687
4704
4706
4721
4722
4748
4751
4753
4758
4784
4792
4798
4806
4807
4812
4817
4829
4833
4847
4848
4854
4855
4857
4859
4865
4869
4872
4877
4883
4884
4899
4905
4929
4934
4938
4944
4964
4979
4991
4999
5010
5040
5050
5061
5069
5073
5085
5089
5090
5095
5104
5109
5115
5116
5120
5121
5124
5127
5128
5131
5136
5143
5145
5151
5158
5159
5169
5175
5177
5179
5203
5211
5220
5224
5227
5247
5261
5291
5295
5296
5311
5315
5329
5332
5337
5341
5358
5361
5364
5373
5388
5394
5408
5412
5414
5429
5435
5453
5454
5458
5459
5462
5463
5478
5479
5480
5487
5497
5499
5500
5501
5533
5535
5536
5567
5569
5574
5577
5597
5601
5629
5633
5635
5655
5665
5666
5670
5674
5676
5689
5701
5708
5731
5737
5739
5760
5766
5772
5779
5782
5783
5785
5801
5825
5827
5830
5834
5853
5857
5858
5863
5868
5891
5897
5910
5933
5935
5940
5943
5944
5950
5974
5986
5987
5992
5995
5996
5997
6007
6025
6029
6030
6052
6059
6067
6072
6075
6082
6090
6092
6101
6109
6116
6117
6120
6122
6126
6129
6134
6142
6143
6167
6184
6197
6203
6209
6213
6221
6225
6228
6237
6248
6261
6264
6268
6281
6290
6297
6304
6309
6315
6317
6319
6320
6325
6336
6338
6370
6372
6373
6374
6377
6387
6396
6407
6418
6420
6428
6452
6453
6463
6464
6465
6468
6483
6509
6520
6529
6535
6538
6539
6545
6554
6555
6561
6565
6570
6575
6579
6580
6583
6587
6592
6597
6599
6613
6617
6618
6646
6648
6657
6661
6670
6690
6705
6706
6729
6731
6733
6740
6741
6743
6746
6763
6765
6768
6774
6775
6778
6779
6783
6785
6786
6795
6802
6803
6816
6842
6844
6867
6874
6876
6883
6888
6892
6893
6897
6901
6905
6906
6912
6916
6919
6923
6926
6931
6937
6946
6949
6953
6954
6958
6960
6961
6965
6968
6992
6993
7002
7003
7015
7027
7042
7055
7056
7059
7090
7093
7100
7122
7123
7134
7144
7145
7149
7160
7164
7169
7171
7174
7175
7189
7198
7199
7200
7203
7206
7225
7229
7234
7241
7265
7274
7279
7287
7291
7297
7299
7307
7308
7316
7331
7337
7341
7353
7368
7380
7385
7386
7391
7396
7397
7403
7428
7434
7439
7440
7441
7443
7450
7464
7465
7473
7476
7478
7489
7494
7498
7512
7526
7528
7529
7544
7546
7567
7569
7580
7583
7584
7585
7591
7596
7598
7599
7603
7604
7610
7613
7639
7642
7645
7652
7659
7682
7691
7722
7723
7734
7736
7748
7751
7753
7757
7765
7788
7792
7801
7807
7812
7825
7829
7836
7838
7842
7848
7851
7862
7867
7869
7870
7871
7877
7879
7880
7885
7891
7892
7912
7922
7925
7926
7933
7934
7935
7938
7950
7961
7968
7972
7975
7976
7984
7991
7995
7999
8000
8003
8005
8008
8011
8017
8027
8029
8030
8032
8035
8039
8057
8079
8089
8117
8122
8124
8127
8157
8191
8196
8235
8245
8248
8249
8258
8260
8274
8277
8278
8279
8285
8292
8293
8296
8301
8303
8314
8317
8321
8328
8330
8332
8362
8368
8384
8389
8396
8405
8419
8427
8432
8442
8447
8453
8463
8469
8472
8477
8479
8499
8504
8505
8508
8509
8510
8518
8521
8528
8530
8532
8541
8542
8559
8564
8570
8571
8574
8576
8583
8584
8586
8588
8592
8600
8601
8605
8615
8621
8622
8637
8651
8652
8653
8658
8674
8677
8681
8688
8692
8699
8707
8710
8711
8719
8726
8728
8729
8734
8737
8740
8745
8751
8755
8764
8779
8790
8793
8805
8808
8815
8830
8831
8837
8839
8840
8843
8850
8859
8876
8883
8891
8909
8914
8919
8921
8929
8930
8943
8944
8948
8952
8955
8973
8976
8979
8983
8987
8992
8995
9003
9026
9028
9032
9040
9041
9045
9049
9056
9071
9078
9093
9099
9117
9118
9122
9146
9148
9153
9155
9162
9166
9178
9180
9188
9191
9206
9210
9213
9217
9232
9249
9253
9270
9283
9288
9312
9320
9325
9329
9331
9353
9366
9378
9388
9393
9398
9399
9408
9409
9416
9419
9421
9423
9434
9451
9458
9460
9479
9482
9501
9502
9503
9511
9532
9552
9553
9554
9567
9569
9570
9573
9581
9609
9613
9623
9631
9639
9656
9658
9669
9686
9698
9701
9703
9705
9725
9730
9734
9747
9755
9775
9798
9809
9820
9850
9857
9879
9881
9882
9895
9915
9917
9931
9932
9936
9941
9942
9945
9947
9953
9973
9975
9979
9982
10001
10017
10020
10025
10027
10031
10032
10052
10055
10060
10077
10079
10092
10093
10097
10099
10108
10114
10123
10127
10132
10137
10150
10151
10157
10166
10167
10172
10192
10202
10213
10218
10232
10239
10248
10256
10260
10305
10313
10360
10363
10365
10374
10382
10386
10387
10388
10402
10404
10417
10421
10426
10445
10448
10451
10461
10476
10482
10486
10489
10492
10502
10515
10516
10523
10529
10537
10540
10546
10549
10551
10563
10570
10573
10583
10588
10590
10593
10611
10637
10645
10659
10669
10681
10708
10716
10727
10728
10730
10751
10755
10756
10759
10760
10784
10796
10802
10823
10826
10830
10844
10846
10852
10858
10864
10890
10891
10895
10905
10913
10914
10931
10951
10957
10960
10962
10964
10970
10974
10975
10977
10989
10997
11005
11014
11015
11016
11017
11033
11040
11042
11043
11050
11051
11064
11082
11085
11090
11092
11094
11099
11105
11106
11130
11132
11133
11140
11156
11171
11181
11184
11186
11198
11203
11207
11208
11209
11257
11266
11275
11287
11305
11310
11317
11322
11327
11328
11330
11334
11346
11366
11368
11373
11375
11399
11400
11403
11404
11409
11413
11415
11419
11420
11443
11450
11455
11465
11473
11484
11492
11513
11518
11520
11539
11542
11545
11561
11579
11585
11588
11596
11597
11606
11617
11629
11631
11645
11652
11653
11655
11658
11668
11687
11688
11690
11709
11715
11721
11724
11728
11731
11734
11751
11762
11764
11765
11778
11789
11790
11793
11795
11796
11797
11798
11800
11804
11813
11814
11822
11826
11834
11838
11842
11864
11866
11869
11885
11889
11890
11893
11909
11910
11912
11916
11924
11926
11937
11940
11966
11967
11978
11979
11981
11987
11999
12015
12017
12037
12051
12063
12078
12086
12099
12116
12118
12124
12130
12133
12134
12149
12158
12164
12166
12176
12181
12183
12191
12192
12196
12205
12211
12213
12227
12234
12239
12244
12248
12263
12266
12267
12268
12297
12305
12308
12309
12325
12329
12334
12335
12337
12342
12344
12347
12385
12399
12400
12413
12417
12421
12446
12463
12465
12466
12473
12507
12512
12518
12520
12539
12547
12554
12555
12570
12573
12574
12590
12599
12608
12623
12625
12627
12632
12639
12652
12654
12659
12665
12668
12675
12676
12683
12687
12688
12695
12698
12728
12734
12752
12773
12781
12784
12792
12801
12814
12816
12818
12819
12824
12826
12828
12833
12840
12843
12851
12861
12862
12870
12871
12875
12882
12886
12893
12894
12897
12901
12906
12911
12915
12927
12937
12959
12969
12971
12972
12978
12990
12992
12993
12995
12996
12999
13029
13034
13046
13051
13065
13073
13087
13090
13103
13104
13122
13124
13136
13137
13140
13150
13157
13158
13159
13160
13168
13171
13175
13178
13182
13185
13188
13193
13200
13213
13216
13222
13223
13238
13248
13250
13254
13256
13259
13269
13288
13293
13295
13297
13302
13306
13309
13317
13323
13344
13345
13346
13356
13366
13385
13408
13409
13410
13444
13460
13471
13481
13487
13490
13499
13508
13515
13516
13517
13521
13529
13531
13535
13541
13552
13554
13561
13564
13578
13581
13588
13595
13605
13608
13617
13618
13623
13628
13631
13634
13651
13658
13662
13665
13666
13690
13697
13699
13701
13702
13710
13714
13719
13721
13741
13753
13754
13765
13788
13792
13796
13799
13800
13812
13821
13841
13855
13882
13901
13909
13916
13917
13929
13937
13957
13964
13971
13972
13974
13996
13997
13999
14003
14005
14016
14018
14034
14037
14039
14042
14045
14048
14059
14065
14081
14083
14089
14091
14105
14116
14126
14129
14142
14156
14161
14165
14170
14174
14178
14180
14183
14186
14190
14192
14208
14211
14219
14232
14249
14265
14277
14283
14297
14305
14307
14308
14311
14313
14315
14327
14329
14333
14334
14335
14337
14339
14343
14347
14355
14378
14385
14386
14390
14415
14426
14438
14446
14449
14470
14477
14481
14490
14501
14510
14529
14532
14536
14547
14556
14572
14574
14575
14576
14577
14593
14603
14604
14621
14626
14632
14636
14642
14652
14655
14680
14683
14686
14688
14691
14693
14697
14707
14709
14722
14737
14739
14750
14755
14763
14767
14768
14769
14773
14792
14797
14811
14812
14819
14824
14831
14855
14856
14859
14865
14879
14883
14896
14898
14907
14913
14929
14934
14937
14940
14950
14951
14962
14965
14966
14971
14975
14982
14994
14995
14997
14999
15001
15002
15014
15016
15019
15023
15026
15040
15044
15049
15058
15066
15070
15078
15084
15086
15099
15105
15118
15124
15127
15131
15144
15148
15151
15155
15163
15173
15174
15177
15178
15187
15190
15194
15200
15205
15210
15219
15221
15222
15225
15226
15232
15234
15235
15237
15242
15248
15256
15258
15261
15273
15275
15286
15288
15289
15290
15295
15298
15299
15309
15310
15323
15328
15329
15342
15349
15355
15372
15385
15400
15402
15419
15428
15432
15437
15443
15447
15454
15464
15471
15474
15476
15477
15480
15489
15493
15494
15496
15497
15521
15522
15538
15546
15549
15572
15575
15578
15596
15599
15603
15616
15623
15626
15629
15639
15652
15658
15664
15665
15677
15688
15696
15697
15707
15709
15719
15720
15727
15737
15738
15739
15743
15744
15745
15746
15752
15753
15756
15764
15767
15768
15777
15784
15789
15791
15793
15800
15803
15806
15827
15829
15840
15842
15861
15865
15873
15890
15891
15893
15899
15903
15905
15907
15914
15915
15919
15922
15923
15932
15933
15934
15935
15945
15948
15950
15956
15959
15969
15977
15982
15984
15985
15990
16007
16009
16018
16023
16028
16045
16049
16055
16064
16077
16081
16083
16086
16088
16092
16095
16107
16109
16114
16120
16121
16152
16160
16170
16186
16194
16205
16222
16224
16227
16231
16235
16238
16242
16254
16257
16261
16266
16269
16270
16277
16288
16304
16318
16329
16331
16344
16348
16351
16357
16381
16383
16384
16392
16399
16437
16443
16462
16467
16475
16476
16480
16486
16487
16494
16502
16507
16509
16536
16543
16546
16549
16558
16577
16578
16580
16585
16586
16590
16591
16595
16615
16624
16634
16636
16641
16654
16659
16660
16663
16665
16684
16686
16687
16691
16696
16704
16707
16722
16726
16731
16738
16744
16757
16759
16761
16768
16771
16779
16785
16786
16789
16796
16823
16832
16835
16844
16846
16848
16853
16863
16879
16885
16887
16894
16895
16920
16942
16943
16949
16967
16984
17000
17011
17039
17042
17053
17068
17079
17082
17098
17109
17119
17121
17133
17135
17138
17139
17141
17148
17151
17157
17160
17169
17177
17179
17189
17201
17217
17218
17219
17221
17229
17233
17235
17244
17246
17252
17263
17269
17280
17288
17295
17303
17306
17312
17316
17335
17349
17357
17358
17367
17377
17382
17387
17401
17408
17409
17410
17414
17418
17419
17431
17435
17444
17447
17496
17499
17507
17522
17553
17569
17573
17575
17591
17592
17601
17610
17615
17622
17623
17633
17642
17648
17655
17657
17658
17661
17669
17685
17690
17697
17698
17702
17707
17711
17715
17721
17732
17743
17745
17748
17750
17769
17777
17792
17797
17799
17805
17807
17808
17815
17818
17821
17828
17838
17846
17851
17855
17870
17885
17887
17895
17897
17899
17905
17910
17911
17913
17914
17919
17921
17923
17929
17936
17945
17946
17972
17973
17997
18006
18015
18039
18041
18042
18044
18066
18071
18072
18085
18088
18095
18099
18121
18124
18128
18139
18147
18156
18164
18183
18186
18203
18256
18260
18261
18267
18275
18276
18282
18293
18305
18328
18336
18339
18349
18353
18357
18358
18374
18375
18376
18380
18382
18389
18396
18405
18406
18410
18419
18425
18429
18433
18440
18446
18449
18450
18452
18454
18471
18480
18495
18505
18513
18522
18542
18549
18551
18552
18557
18577
18581
18585
18587
18601
18625
18626
18636
18641
18643
18648
18651
18668
18689
18706
18728
18736
18739
18740
18741
18761
18763
18777
18781
18800
18801
18806
18818
18820
18823
18836
18837
18841
18843
18844
18859
18860
18866
18869
18872
18878
18886
18890
18891
18893
18910
18917
18918
18921
18923
18925
18927
18931
18944
18950
18960
18964
18973
19007
19016
19020
19021
19025
19026
19029
19033
19040
19042
19043
19055
19074
19091
19114
19117
19121
19136
19142
19148
19157
19158
19181
19194
19203
19223
19225
19226
19233
19237
19259
19267
19268
19271
19273
19283
19295
19297
19303
19312
19313
19320
19325
19326
19348
19349
19357
19365
19374
19375
19380
19382
19385
19387
19388
19397
19399
19403
19407
19409
19411
19415
19423
19434
19441
19443
19446
19447
19448
19453
19467
19473
19483
19486
19489
19492
19508
19516
19517
19518
19537
19548
19552
19571
19573
19577
19582
19602
19612
19625
19629
19635
19637
19643
19664
19667
19677
19678
19680
19703
19716
19717
19724
19731
19740
19741
19748
19758
19763
19779
19786
19795
19796
19799
19801
19815
19819
19820
19824
19833
19834
19840
19851
19854
19865
19871
19875
19885
19887
19893
19896
19900
19903
19909
19911
19916
19921
19922
19923
19926
19941
19953
19991
19993
19994
19996
