235
316
537
546
561
596
640
642
655
666
689
693
701
702
724
726
728
752
755
760
763
765
779
809
828
859
887
906
915
927
949
983
1005
1006
1011
1017
1033
1036
1041
1061
1075
1105
1114
1118
1125
1134
1139
1144
1155
1159
1163
1178
1181
1193
1212
1228
1234
1238
1241
1242
1250
1284
1298
1314
1315
1336
1340
1350
1364
1369
1377
1379
1402
1408
1423
1425
1440
1447
1448
1449
1452
1461
1463
1479
1484
1487
1490
1493
1517
1524
1525
1534
1539
1543
1549
1561
1576
1588
1602
1613
1621
1623
1629
1635
1639
1647
1648
1649
1650
1657
1659
1672
1674
1684
1696
1710
1711
1727
1729
1732
1744
1747
1769
1775
1783
1813
1823
1825
1830
1834
1848
1857
1866
1872
1884
1890
1900
1915
1919
1940
1943
1946
1951
1962
1973
1979
1981
1982
1984
1988
2025
2039
2043
2045
2046
2074
2075
2082
2097
2101
2113
2124
2126
2135
2141
2148
2158
2197
2204
2205
2206
2207
2208
2219
2220
2232
2234
2247
2248
2260
2281
2286
2294
2303
2305
2319
2322
2323
2325
2343
2350
2355
2363
2368
2371
2376
2408
2419
2420
2426
2436
2446
2457
2460
2476
2478
2495
2507
2509
2517
2522
2531
2539
2563
2574
2583
2585
2587
2590
2592
2594
2607
2624
2632
2636
2658
2665
2673
2675
2677
2688
2694
2696
2697
2700
2723
2731
2734
2741
2745
2747
2757
2763
2765
2771
2803
2816
2831
2843
2845
2851
2878
2884
2894
2895
2900
2908
2910
2920
2925
2936
2943
2957
2970
2974
2983
2989
2991
2993
3000
3004
3005
3011
3020
3027
3033
3048
3051
3059
3064
3069
3072
3077
3094
3103
3106
3109
3113
3115
3118
3119
3124
3131
3144
3145
3149
3170
3174
3181
3182
3183
3190
3202
3214
3224
3226
3247
3264
3273
3285
3297
3301
3304
3308
3311
3323
3329
3330
3338
3344
3358
3359
3385
3388
3406
3409
3414
3415
3431
3435
3445
3448
3449
3452
3484
3492
3499
3502
3509
3512
3533
3537
3539
3553
3555
3557
3567
3570
3573
3574
3582
3595
3613
3619
3625
3631
3633
3634
3645
3656
3665
3671
3681
3691
3695
3698
3699
3703
3714
3715
3717
3723
3736
3741
3750
3781
3790
3798
3803
3809
3811
3814
3816
3819
3821
3855
3870
3875
3879
3880
3896
3899
3903
3914
3916
3927
3945
3946
3953
3965
3967
3969
3971
3976
3979
3982
3984
4007
4013
4015
4019
4020
4044
4047
4049
4057
4058
4060
4063
4064
4068
4071
4074
4077
4083
4102
4110
4111
4119
4120
4123
4126
4137
4148
4161
4166
4168
4169
4177
4178
4184
4187
4190
4191
4192
4195
4199
4200
4209
4215
4219
4221
4222
4234
4238
4245
4256
4262
4271
4273
4280
4289
4297
4301
4303
4307
4318
4323
4324
4336
4342
4344
4349
4352
4360
4368
4378
4380
4385
4389
4397
4408
4416
4422
4424
4457
4458
4461
4463
4471
4472
4473
4481
4487
4488
4499
4501
4507
4510
4512
4523
4536
4537
4540
4542
4543
4546
4556
4557
4563
4570
4583
4587
4591
4592
4594
4595
4607
4608
4617
4634
4636
4640
4641
4642
4653
4664
4666
4671
4673
4687
4696
4701
4712
4713
4718
4720
4736
4738
4742
4749
4752
4761
4774
4779
4782
4784
4796
4800
4807
4811
4818
4828
4829
4831
4838
4850
4852
4855
4859
4867
4869
4877
4891
4897
4900
4901
4903
4911
4919
4926
4928
4933
4938
4942
4949
4950
4951
4980
4981
4989
4995
4997
5014
5027
5029
5030
5031
5035
5038
5046
5054
5067
5070
5084
5096
5097
5125
5126
5134
5135
5140
5141
5153
5160
5171
5179
5198
5201
5203
5207
5213
5231
5232
5239
5241
5245
5249
5256
5257
5260
5276
5277
5278
5286
5293
5298
5301
5309
5312
5315
5316
5333
5342
5372
5379
5380
5381
5383
5384
5388
5409
5428
5438
5447
5452
5458
5467
5480
5495
5504
5505
5512
5514
5527
5536
5546
5553
5556
5575
5578
5581
5591
5597
5599
5603
5608
5623
5626
5631
5640
5645
5660
5662
5669
5675
5680
5689
5695
5703
5705
5717
5737
5739
5779
5782
5784
5786
5797
5802
5804
5805
5810
5819
5821
5822
5827
5841
5845
5849
5861
5868
5873
5876
5885
5897
5898
5909
5918
5925
5940
5948
5951
5952
5961
5965
5968
5970
5985
5999
6002
6025
6034
6043
6047
6061
6068
6078
6091
6103
6107
6115
6135
6140
6150
6167
6171
6172
6178
6183
6186
6188
6192
6208
6215
6222
6225
6235
6237
6246
6247
6259
6273
6290
6302
6325
6330
6331
6341
6347
6351
6358
6361
6370
6378
6383
6388
6392
6393
6398
6404
6414
6416
6417
6422
6462
6464
6465
6473
6480
6486
6488
6489
6492
6495
6507
6511
6514
6523
6528
6533
6534
6538
6542
6546
6553
6554
6557
6571
6572
6576
6582
6585
6587
6589
6596
6597
6601
6602
6611
6621
6628
6633
6651
6653
6655
6657
6664
6673
6687
6689
6700
6707
6731
6735
6744
6745
6751
6761
6765
6784
6785
6795
6796
6813
6827
6837
6845
6847
6849
6861
6869
6874
6879
6881
6882
6889
6895
6918
6922
6940
6958
6959
6961
6969
6974
6975
6977
6993
6995
6997
6999
7001
7010
7016
7025
7033
7034
7039
7040
7045
7050
7057
7061
7062
7063
7065
7075
7079
7084
7087
7095
7098
7108
7127
7128
7129
7137
7149
7152
7163
7166
7167
7169
7178
7182
7185
7188
7203
7209
7210
7214
7223
7226
7227
7228
7237
7243
7249
7253
7254
7261
7268
7282
7287
7288
7291
7302
7305
7312
7315
7323
7332
7335
7347
7348
7356
7361
7364
7375
7377
7378
7385
7386
7390
7401
7404
7411
7414
7416
7419
7422
7423
7426
7427
7436
7445
7456
7459
7463
7471
7489
7493
7496
7499
7500
7523
7539
7544
7550
7557
7559
7562
7567
7578
7588
7595
7597
7599
7603
7611
7612
7627
7633
7639
7643
7653
7665
7667
7670
7677
7682
7688
7694
7698
7719
7724
7726
7727
7737
7750
7751
7775
7776
7796
7804
7814
7821
7829
7835
7843
7845
7847
7851
7853
7860
7861
7866
7870
7871
7881
7889
7891
7900
7903
7909
7915
7917
7923
7925
7941
7943
7944
7950
7955
7970
7971
7983
7993
7995
7997
8000
8025
8034
8035
8048
8051
8058
8083
8087
8104
8105
8107
8108
8109
8115
8119
8134
8140
8141
8145
8151
8171
8178
8182
8190
8196
8207
8229
8231
8241
8247
8250
8265
8268
8271
8275
8284
8292
8298
8302
8303
8309
8328
8336
8344
8349
8359
8362
8365
8369
8383
8388
8394
8407
8415
8426
8430
8438
8440
8452
8455
8460
8463
8465
8471
8472
8498
8503
8507
8508
8511
8512
8516
8521
8524
8545
8556
8558
8559
8564
8570
8577
8579
8587
8588
8593
8601
8606
8609
8620
8627
8647
8648
8655
8660
8667
8677
8693
8701
8702
8723
8727
8737
8743
8746
8747
8755
8756
8759
8766
8767
8777
8783
8784
8787
8803
8815
8828
8837
8853
8858
8861
8863
8881
8886
8894
8919
8920
8925
8926
8933
8951
8961
8976
8977
8983
8988
9004
9016
9017
9042
9049
9051
9061
9073
9075
9079
9083
9086
9092
9097
9114
9126
9127
9129
9133
9135
9137
9147
9154
9157
9165
9169
9178
9179
9188
9193
9194
9203
9204
9219
9228
9230
9231
9234
9235
9239
9249
9263
9269
9270
9279
9314
9315
9323
9334
9336
9339
9351
9363
9365
9371
9377
9383
9384
9401
9410
9415
9421
9429
9430
9436
9441
9451
9466
9471
9475
9479
9486
9490
9499
9501
9504
9511
9519
9525
9527
9533
9537
9538
9539
9551
9560
9584
9597
9608
9610
9614
9627
9636
9651
9656
9665
9673
9677
9683
9685
9686
9689
9690
9691
9702
9706
9707
9711
9724
9731
9738
9745
9747
9748
9770
9771
9775
9777
9779
9810
9814
9818
9832
9852
9868
9882
9897
9898
9901
9914
9922
9924
9932
9933
9948
9952
9954
9956
9958
9962
9973
9978
9985
9989
9999
10010
10029
10039
10040
10047
10048
10063
10069
10071
10073
10077
10084
10085
10086
10097
10113
10116
10122
10124
10127
10148
10156
10165
10174
10181
10182
10193
10212
10215
10219
10227
10232
10236
10239
10245
10251
10261
10270
10277
10278
10281
10291
10293
10297
10309
10325
10328
10333
10343
10353
10354
10363
10379
10389
10395
10397
10400
10403
10407
10408
10411
10413
10419
10424
10443
10447
10449
10457
10471
10472
10481
10502
10505
10531
10538
10551
10557
10558
10575
10579
10593
10599
10605
10611
10615
10622
10627
10633
10638
10640
10648
10650
10651
10658
10667
10675
10702
10713
10720
10731
10749
10751
10752
10762
10764
10765
10773
10774
10792
10795
10809
10811
10822
10834
10864
10870
10882
10898
10905
10918
10921
10927
10933
10939
10943
10945
10956
10974
10977
10990
11003
11019
11021
11025
11033
11056
11061
11077
11108
11116
11123
11125
11131
11145
11153
11163
11175
11181
11190
11194
11202
11223
11233
11265
11277
11281
11299
11322
11327
11335
11348
11366
11375
11384
11405
11410
11414
11423
11430
11431
11433
11443
11444
11454
11467
11471
11473
11478
11484
11489
11509
11513
11517
11525
11527
11530
11536
11542
11552
11555
11582
11586
11594
11595
11604
11613
11615
11630
11639
11640
11654
11658
11671
11689
11692
11701
11717
11718
11720
11725
11742
11745
11753
11755
11760
11770
11772
11780
11789
11790
11791
11809
11811
11821
11824
11827
11830
11833
11842
11846
11856
11866
11870
11875
11877
11897
11899
11903
11911
11919
11921
11947
11949
11956
11963
11965
11987
12002
12022
12024
12038
12049
12057
12065
12066
12069
12073
12078
12081
12083
12086
12087
12091
12101
12102
12123
12125
12127
12134
12139
12142
12147
12160
12167
12173
12175
12177
12183
12197
12205
12207
12224
12228
12232
12245
12250
12267
12281
12285
12294
12303
12310
12338
12339
12348
12351
12364
12365
12367
12369
12392
12395
12402
12408
12410
12413
12427
12439
12447
12449
12452
12454
12457
12461
12474
12475
12478
12480
12482
12495
12500
12501
12502
12509
12524
12529
12538
12553
12561
12567
12569
12574
12578
12579
12592
12597
12599
12603
12609
12612
12621
12623
12633
12636
12638
12639
12662
12663
12670
12687
12693
12695
12699
12716
12738
12752
12753
12767
12769
12776
12785
12799
12813
12815
12825
12845
12847
12853
12867
12869
12908
12918
12934
12936
12944
12945
12950
12966
12975
12982
12985
12994
12999
13008
13012
13022
13030
13034
13038
13043
13058
13069
13073
13074
13077
13086
13115
13123
13136
13147
13150
13152
13154
13169
13170
13175
13176
13177
13183
13186
13209
13217
13221
13233
13236
13243
13254
13255
13256
13262
13265
13271
13272
13273
13274
13285
13287
13300
13305
13311
13321
13349
13356
13369
13379
13381
13391
13393
13397
13404
13405
13406
13430
13434
13438
13450
13452
13455
13469
13474
13475
13480
13486
13502
13503
13518
13521
13528
13529
13533
13536
13541
13560
13562
13563
13577
13579
13586
13592
13593
13601
13603
13615
13619
13635
13642
13655
13660
13676
13690
13708
13711
13730
13731
13732
13745
13746
13747
13750
13751
13757
13762
13772
13775
13776
13779
13788
13799
13800
13820
13821
13824
13830
13832
13837
13853
13855
13859
13861
13865
13872
13876
13883
13889
13898
13905
13914
13930
13935
13941
13943
13957
13961
13980
13981
13984
13985
13999
14003
14004
14007
14023
14027
14031
14044
14050
14051
14056
14057
14067
14072
14081
14082
14087
14090
14092
14093
14096
14097
14101
14107
14109
14112
14117
14118
14126
14128
14129
14130
14139
14145
14153
14155
14157
14159
14161
14165
14171
14175
14181
14185
14191
14196
14199
14207
14209
14211
14214
14221
14231
14235
14239
14243
14248
14253
14258
14263
14282
14284
14285
14289
14295
14296
14303
14310
14314
14329
14331
14341
14342
14343
14346
14349
14355
14361
14366
14372
14374
14378
14386
14390
14391
14400
14404
14419
14422
14434
14437
14438
14439
14442
14443
14444
14463
14470
14476
14478
14482
14486
14508
14509
14511
14515
14517
14520
14524
14528
14535
14546
14549
14554
14556
14557
14562
14579
14583
14587
14591
14604
14613
14621
14629
14635
14640
14641
14645
14655
14664
14670
14671
14674
14683
14685
14689
14691
14705
14712
14729
14731
14733
14750
14763
14775
14778
14785
14807
14845
14851
14853
14855
14869
14878
14881
14886
14890
14895
14899
14900
14908
14910
14920
14941
14954
14955
14973
14995
15003
15007
15012
15023
15025
15029
15038
15043
15047
15055
15059
15060
15067
15072
15082
15087
15091
15092
15104
15111
15127
15129
15148
15150
15155
15167
15169
15175
15187
15193
15195
15225
15235
15242
15251
15261
15267
15280
15283
15295
15300
15307
15311
15312
15315
15323
15324
15325
15326
15329
15334
15343
15347
15350
15363
15366
15383
15388
15399
15405
15417
15432
15437
15447
15452
15463
15465
15474
15477
15482
15483
15485
15488
15502
15506
15516
15521
15526
15529
15536
15538
15542
15547
15549
15557
15558
15559
15565
15569
15572
15574
15580
15585
15587
15595
15605
15606
15608
15623
15627
15638
15642
15646
15649
15650
15669
15672
15677
15678
15687
15692
15695
15707
15712
15720
15721
15727
15733
15735
15739
15740
15744
15748
15751
15759
15765
15774
15780
15785
15794
15805
15819
15823
15825
15831
15833
15863
15864
15866
15867
15895
15898
15901
15902
15903
15909
15913
15920
15921
15923
15927
15937
15942
15949
15964
15968
15970
15973
15985
15989
16002
16005
16006
16012
16031
16039
16041
16042
16047
16065
16077
16084
16099
16102
16110
16134
16145
16150
16152
16154
16156
16157
16161
16162
16170
16172
16180
16183
16187
16203
16214
16218
16220
16227
16234
16235
16237
16246
16252
16255
16259
16262
16273
16274
16276
16284
16295
16308
16309
16310
16313
16315
16317
16323
16324
16339
16340
16373
16376
16388
16392
16403
16417
16424
16427
16434
16439
16460
16467
16469
16475
16484
16488
16489
16493
16507
16514
16539
16544
16546
16554
16569
16574
16577
16582
16587
16591
16592
16595
16599
16601
16613
16621
16622
16644
16645
16657
16659
16661
16667
16675
16693
16695
16701
16703
16704
16707
16734
16737
16745
16758
16762
16778
16780
16783
16786
16789
16791
16802
16804
16805
16815
16822
16824
16835
16880
16882
16890
16892
16897
16901
16908
16910
16913
16926
16945
16952
16956
16969
16978
16979
17013
17024
17025
17031
17037
17039
17045
17046
17056
17061
17071
17079
17088
17114
17124
17126
17127
17135
17136
17138
17151
17152
17153
17173
17178
17186
17188
17197
17200
17205
17209
17214
17216
17220
17221
17222
17228
17233
17244
17245
17246
17254
17278
17287
17292
17305
17306
17330
17332
17336
17341
17345
17350
17351
17353
17360
17363
17365
17389
17392
17404
17417
17418
17435
17441
17443
17445
17450
17460
17464
17472
17473
17483
17489
17507
17508
17513
17516
17519
17521
17527
17533
17541
17543
17546
17548
17561
17566
17574
17580
17593
17597
17598
17606
17617
17622
17625
17634
17657
17659
17668
17679
17689
17693
17695
17697
17701
17709
17727
17729
17751
17755
17766
17772
17778
17779
17784
17786
17792
17795
17809
17810
17812
17815
17826
17828
17833
17837
17840
17857
17884
17885
17887
17893
17900
17902
17909
17910
17913
17929
17937
17953
17959
17985
17998
18013
18024
18031
18040
18050
18053
18065
18068
18083
18084
18089
18094
18101
18105
18107
18121
18126
18136
18141
18149
18151
18163
18170
18175
18177
18181
18183
18186
18187
18189
18194
18200
18203
18210
18215
18233
18253
18255
18256
18257
18266
18270
18275
18292
18298
18305
18313
18318
18321
18325
18332
18344
18360
18362
18369
18374
18378
18380
18385
18395
18410
18412
18414
18417
18422
18435
18446
18452
18458
18460
18461
18465
18470
18471
18495
18496
18500
18505
18511
18512
18517
18518
18526
18528
18534
18537
18543
18552
18553
18556
18560
18569
18577
18581
18582
18593
18596
18603
18605
18606
18609
18617
18627
18635
18639
18640
18647
18652
18658
18661
18662
18669
18675
18679
18684
18687
18691
18692
18712
18725
18744
18749
18752
18768
18773
18777
18784
18788
18790
18798
18802
18808
18809
18823
18827
18828
18835
18851
18855
18860
18863
18868
18869
18870
18875
18882
18883
18886
18906
18917
18921
18926
18933
18936
18945
18961
18970
18972
18975
18981
18985
18989
18991
18996
19013
19020
19037
19041
19042
19057
19061
19063
19064
19065
19067
19088
19093
19100
19104
19107
19108
19118
19131
19135
19165
19178
19184
19198
19215
19218
19237
19253
19257
19259
19263
19266
19271
19279
19289
19298
19302
19318
19331
19337
19338
19342
19358
19369
19373
19388
19398
19399
19401
19417
19424
19437
19443
19448
19451
19456
19459
19462
19482
19483
19490
19509
19520
19521
19529
19545
19547
19552
19557
19560
19574
19582
19586
19594
19601
19613
19625
19631
19635
19639
19642
19646
19649
19650
19655
19678
19681
19691
19696
19707
19712
19715
19717
19718
19721
19732
19750
19756
19757
19758
19759
19764
19765
19771
19773
19782
19790
19796
19797
19806
19807
19808
19816
19818
19825
19829
19837
19839
19841
19842
19851
19867
19873
19880
19919
19922
19933
19941
19949
19967
19968
19984
19988
19989
19990
19994
19997
19999
