53
55
139
157
165
166
178
191
199
209
210
214
221
230
247
252
255
268
272
274
275
277
285
289
305
308
314
317
326
331
344
348
350
357
361
362
373
378
394
400
404
409
419
425
429
432
438
443
448
451
459
462
467
469
474
477
480
482
484
488
490
492
495
502
503
506
508
516
517
520
522
525
526
531
532
535
536
542
543
551
552
556
562
567
570
573
577
580
582
586
590
595
597
598
599
601
602
604
607
608
614
616
618
622
623
630
631
634
636
639
651
652
658
661
663
667
669
671
672
674
676
677
678
688
692
694
695
708
710
711
712
714
716
717
719
720
722
730
732
736
739
740
747
751
766
768
769
771
772
775
784
785
787
788
791
796
799
800
801
807
811
815
819
820
822
827
829
831
832
833
838
840
841
843
844
849
850
851
852
854
858
860
861
864
866
867
869
870
871
872
873
874
879
880
882
885
892
894
896
899
902
903
904
907
909
912
913
914
919
921
926
929
930
933
934
939
940
945
946
951
953
954
958
960
962
964
967
972
976
982
988
989
990
991
994
996
997
1001
1002
1003
1008
1013
1015
1019
1021
1024
1027
1028
1029
1032
1034
1037
1039
1040
1045
1046
1049
1050
1052
1053
1056
1057
1059
1062
1063
1064
1065
1067
1068
1069
1071
1072
1074
1076
1077
1084
1085
1089
1091
1092
1098
1099
1100
1101
1103
1106
1109
1112
1116
1119
1122
1126
1129
1130
1140
1141
1142
1143
1145
1146
1148
1151
1156
1158
1161
1162
1166
1167
1168
1169
1170
1171
1173
1176
1182
1183
1184
1185
1186
1187
1189
1191
1194
1195
1198
1200
1203
1206
1208
1209
1210
1215
1216
1218
1219
1224
1231
1232
1233
1245
1246
1248
1251
1254
1258
1259
1260
1262
1263
1264
1268
1269
1270
1271
1274
1276
1278
1279
1287
1289
1291
1295
1299
1302
1308
1309
1310
1311
1316
1320
1321
1322
1323
1330
1331
1334
1337
1338
1341
1342
1344
1345
1348
1352
1355
1356
1358
1361
1362
1366
1375
1376
1381
1383
1384
1387
1390
1391
1393
1395
1397
1399
1404
1405
1407
1409
1410
1419
1420
1421
1424
1427
1428
1433
1434
1436
1438
1441
1446
1451
1455
1458
1459
1460
1462
1467
1469
1475
1476
1480
1481
1483
1489
1491
1492
1502
1503
1506
1507
1508
1510
1511
1513
1516
1518
1520
1521
1523
1526
1530
1531
1535
1536
1538
1540
1544
1545
1546
1548
1550
1551
1552
1554
1555
1558
1560
1562
1564
1565
1568
1570
1574
1575
1578
1579
1582
1583
1585
1589
1595
1597
1599
1601
1603
1604
1606
1607
1610
1614
1615
1618
1625
1626
1632
1634
1636
1637
1638
1642
1643
1645
1646
1651
1652
1654
1655
1658
1661
1664
1669
1670
1675
1677
1685
1688
1690
1695
1697
1698
1699
1701
1705
1706
1712
1713
1714
1715
1716
1719
1721
1722
1723
1724
1725
1726
1731
1736
1739
1741
1746
1749
1755
1756
1757
1758
1759
1762
1763
1764
1765
1766
1770
1772
1776
1780
1781
1782
1784
1786
1788
1789
1790
1792
1796
1798
1803
1804
1806
1811
1815
1818
1819
1821
1822
1824
1829
1832
1833
1838
1839
1844
1845
1846
1849
1851
1852
1853
1854
1858
1859
1863
1864
1868
1870
1871
1873
1879
1880
1881
1882
1886
1888
1892
1894
1896
1897
1901
1909
1910
1911
1913
1918
1922
1926
1930
1931
1932
1933
1938
1944
1948
1950
1952
1953
1954
1955
1956
1958
1960
1961
1963
1964
1967
1968
1969
1974
1975
1976
1978
1980
1985
1986
1998
2000
2001
2003
2005
2006
2008
2010
2012
2013
2016
2017
2018
2021
2022
2026
2027
2037
2040
2042
2054
2055
2056
2057
2060
2066
2068
2069
2071
2076
2077
2079
2080
2081
2085
2087
2088
2089
2092
2093
2099
2102
2103
2104
2105
2106
2107
2108
2109
2112
2115
2116
2120
2125
2128
2129
2132
2133
2136
2138
2139
2142
2143
2146
2147
2151
2152
2153
2156
2160
2161
2162
2163
2165
2167
2168
2170
2172
2173
2174
2175
2177
2182
2186
2187
2190
2193
2194
2195
2198
2199
2200
2201
2202
2203
2209
2210
2214
2215
2216
2217
2221
2222
2223
2224
2225
2226
2227
2229
2231
2233
2235
2237
2239
2240
2241
2242
2243
2245
2246
2251
2252
2256
2258
2261
2263
2264
2265
2266
2269
2270
2275
2279
2282
2291
2292
2293
2297
2298
2304
2306
2308
2315
2320
2321
2324
2326
2328
2329
2330
2331
2333
2337
2339
2346
2348
2351
2352
2353
2354
2361
2362
2364
2372
2374
2379
2384
2385
2388
2389
2391
2393
2395
2399
2402
2405
2406
2409
2410
2411
2412
2415
2416
2417
2421
2429
2432
2433
2441
2442
2443
2445
2451
2454
2455
2458
2459
2462
2464
2465
2467
2468
2469
2472
2474
2475
2477
2479
2481
2483
2485
2486
2488
2489
2491
2492
2494
2496
2497
2498
2499
2501
2506
2511
2512
2515
2527
2528
2534
2538
2543
2544
2545
2546
2548
2550
2553
2557
2559
2560
2568
2573
2575
2577
2580
2581
2582
2586
2591
2595
2599
2604
2605
2606
2610
2614
2616
2620
2627
2633
2635
2638
2639
2640
2645
2646
2647
2651
2652
2653
2654
2656
2657
2659
2663
2667
2670
2671
2674
2680
2681
2683
2685
2691
2693
2702
2709
2711
2713
2714
2717
2726
2727
2729
2730
2733
2735
2739
2743
2749
2750
2755
2756
2761
2767
2768
2777
2779
2780
2785
2787
2791
2793
2794
2795
2796
2800
2802
2804
2805
2806
2807
2811
2812
2813
2814
2815
2817
2822
2823
2829
2833
2836
2837
2838
2839
2841
2842
2846
2848
2855
2856
2857
2858
2860
2863
2867
2868
2870
2874
2879
2880
2881
2882
2883
2887
2888
2890
2891
2893
2896
2903
2905
2906
2911
2913
2914
2916
2918
2919
2922
2923
2926
2927
2929
2931
2932
2935
2937
2941
2942
2944
2945
2946
2947
2948
2949
2951
2952
2953
2955
2956
2964
2965
2969
2972
2975
2977
2979
2981
2982
2986
2990
2995
2996
2997
2998
2999
3001
3006
3007
3008
3009
3012
3015
3017
3018
3019
3023
3024
3025
3030
3031
3034
3035
3037
3038
3039
3040
3042
3044
3056
3057
3061
3062
3063
3067
3068
3073
3074
3081
3082
3089
3090
3097
3099
3110
3111
3112
3114
3117
3120
3123
3126
3128
3130
3133
3135
3136
3139
3140
3141
3143
3146
3147
3153
3154
3157
3161
3163
3165
3167
3168
3169
3175
3176
3177
3179
3187
3189
3191
3193
3195
3201
3203
3205
3206
3207
3209
3210
3211
3212
3213
3215
3217
3218
3220
3221
3223
3225
3228
3229
3230
3233
3234
3236
3239
3241
3242
3243
3244
3245
3246
3248
3249
3255
3256
3259
3260
3261
3265
3267
3269
3270
3272
3275
3276
3277
3279
3280
3281
3282
3284
3286
3287
3288
3289
3291
3295
3298
3300
3302
3303
3305
3310
3312
3313
3315
3316
3318
3319
3321
3322
3324
3326
3332
3333
3335
3337
3339
3342
3345
3347
3348
3350
3351
3352
3353
3354
3356
3363
3364
3366
3368
3369
3374
3375
3377
3379
3380
3382
3383
3384
3389
3391
3392
3393
3394
3397
3398
3400
3401
3403
3405
3407
3408
3411
3416
3417
3419
3420
3425
3427
3428
3433
3436
3439
3441
3443
3446
3450
3454
3455
3459
3460
3465
3466
3468
3469
3470
3471
3472
3473
3474
3476
3477
3479
3480
3483
3485
3486
3488
3490
3495
3500
3501
3507
3508
3516
3526
3527
3528
3530
3531
3536
3540
3541
3543
3546
3552
3554
3556
3559
3561
3565
3566
3569
3571
3572
3577
3578
3583
3584
3585
3588
3589
3590
3591
3593
3596
3597
3598
3599
3600
3605
3606
3607
3610
3612
3615
3620
3621
3622
3623
3626
3628
3632
3635
3637
3640
3644
3649
3650
3652
3655
3659
3664
3666
3668
3670
3673
3675
3686
3687
3688
3689
3693
3696
3704
3706
3710
3718
3721
3722
3726
3727
3728
3731
3740
3743
3744
3745
3746
3747
3753
3754
3757
3758
3759
3760
3761
3763
3765
3766
3767
3768
3771
3772
3777
3780
3788
3793
3794
3795
3799
3800
3802
3806
3808
3810
3812
3813
3815
3820
3822
3824
3828
3831
3832
3833
3840
3843
3846
3847
3852
3854
3859
3861
3862
3864
3865
3866
3867
3868
3871
3874
3877
3878
3881
3887
3888
3891
3897
3902
3904
3905
3908
3909
3913
3915
3917
3920
3922
3923
3932
3934
3935
3936
3938
3944
3949
3950
3954
3958
3960
3961
3963
3964
3966
3968
3970
3972
3975
3977
3978
3981
3985
3990
3996
3998
3999
4003
4009
4010
4016
4017
4022
4030
4032
4034
4040
4041
4042
4045
4050
4051
4053
4054
4055
4056
4061
4062
4067
4069
4075
4078
4079
4086
4088
4089
4091
4093
4095
4096
4099
4100
4101
4103
4104
4106
4109
4115
4116
4117
4122
4127
4128
4130
4131
4132
4133
4136
4139
4140
4143
4144
4145
4150
4152
4153
4154
4155
4156
4157
4159
4162
4165
4167
4170
4172
4175
4176
4179
4181
4188
4194
4196
4197
4201
4202
4204
4207
4211
4212
4213
4216
4218
4223
4225
4226
4227
4233
4236
4239
4242
4246
4254
4255
4257
4263
4266
4269
4270
4274
4275
4276
4277
4278
4281
4282
4284
4287
4288
4292
4293
4299
4304
4308
4309
4311
4312
4315
4316
4319
4325
4326
4327
4329
4331
4332
4334
4337
4338
4339
4340
4343
4345
4347
4350
4353
4354
4357
4358
4359
4361
4363
4364
4366
4367
4370
4375
4376
4384
4386
4387
4388
4392
4395
4396
4399
4401
4402
4403
4405
4406
4407
4409
4410
4415
4417
4419
4420
4425
4427
4428
4430
4431
4432
4433
4434
4435
4437
4438
4441
4442
4445
4448
4451
4455
4456
4460
4462
4465
4466
4468
4469
4474
4475
4480
4483
4485
4489
4491
4492
4494
4495
4496
4500
4502
4504
4506
4508
4514
4515
4517
4519
4521
4524
4525
4526
4528
4529
4532
4533
4535
4539
4545
4548
4549
4550
4551
4552
4553
4554
4555
4559
4560
4564
4565
4566
4567
4569
4572
4575
4578
4579
4580
4581
4586
4597
4601
4605
4609
4610
4611
4612
4613
4616
4619
4624
4627
4629
4632
4635
4638
4639
4643
4644
4655
4660
4661
4662
4665
4669
4670
4672
4674
4677
4679
4681
4683
4684
4685
4686
4689
4691
4694
4695
4697
4699
4702
4705
4707
4710
4714
4715
4717
4719
4721
4722
4725
4726
4727
4728
4729
4730
4739
4741
4744
4746
4747
4750
4753
4754
4757
4758
4759
4760
4762
4771
4772
4773
4776
4780
4781
4787
4794
4795
4797
4803
4805
4806
4808
4809
4815
4817
4819
4822
4827
4830
4833
4834
4835
4839
4841
4843
4845
4846
4848
4849
4854
4857
4861
4862
4863
4865
4868
4874
4876
4878
4880
4881
4884
4885
4886
4887
4888
4889
4892
4898
4899
4904
4905
4907
4910
4912
4913
4914
4915
4918
4923
4925
4931
4935
4936
4937
4940
4941
4944
4946
4947
4953
4958
4959
4961
4962
4963
4964
4965
4966
4967
4969
4973
4974
4975
4976
4977
4979
4983
4986
4988
4993
4994
4998
5000
5003
5006
5008
5010
5012
5013
5015
5016
5018
5021
5023
5025
5026
5028
5033
5034
5037
5044
5045
5047
5049
5050
5053
5056
5058
5059
5060
5061
5062
5063
5071
5072
5076
5077
5078
5079
5080
5083
5085
5088
5090
5093
5095
5098
5100
5101
5102
5104
5105
5106
5108
5109
5113
5114
5115
5116
5117
5118
5119
5120
5128
5129
5130
5133
5137
5139
5142
5143
5145
5146
5148
5151
5152
5154
5156
5157
5158
5159
5163
5164
5165
5166
5173
5176
5177
5180
5181
5182
5183
5184
5185
5191
5193
5194
5197
5200
5206
5208
5209
5210
5219
5222
5223
5224
5225
5227
5229
5230
5233
5235
5236
5242
5243
5244
5246
5248
5250
5251
5253
5258
5265
5267
5269
5272
5273
5275
5280
5282
5284
5288
5291
5292
5299
5300
5303
5307
5311
5318
5321
5322
5324
5329
5332
5335
5336
5338
5339
5341
5343
5345
5346
5349
5350
5353
5357
5359
5360
5362
5366
5367
5368
5369
5371
5376
5377
5385
5386
5389
5390
5391
5397
5398
5399
5401
5404
5406
5408
5411
5415
5416
5418
5422
5424
5425
5426
5427
5432
5437
5443
5444
5445
5448
5449
5450
5451
5453
5454
5456
5460
5465
5466
5469
5470
5471
5473
5476
5478
5479
5483
5484
5486
5488
5492
5493
5494
5497
5498
5499
5502
5506
5508
5509
5510
5511
5515
5518
5519
5520
5521
5522
5523
5526
5528
5531
5533
5537
5538
5539
5545
5547
5551
5552
5555
5560
5567
5568
5569
5571
5572
5573
5574
5577
5579
5580
5585
5587
5590
5592
5593
5595
5606
5610
5611
5612
5617
5619
5620
5622
5624
5625
5629
5630
5632
5633
5635
5637
5638
5646
5648
5654
5655
5657
5658
5659
5661
5665
5666
5667
5674
5676
5677
5679
5681
5682
5684
5685
5686
5687
5690
5691
5702
5706
5707
5713
5716
5718
5721
5722
5724
5729
5731
5732
5738
5740
5741
5747
5749
5751
5752
5754
5755
5757
5759
5761
5766
5767
5769
5770
5771
5772
5774
5775
5776
5777
5780
5781
5783
5787
5788
5789
5792
5793
5796
5801
5807
5813
5814
5815
5818
5820
5826
5829
5830
5831
5832
5836
5842
5843
5847
5850
5852
5853
5854
5855
5856
5859
5865
5867
5869
5870
5871
5875
5877
5880
5882
5883
5884
5886
5887
5889
5892
5893
5894
5895
5899
5902
5903
5904
5905
5908
5910
5912
5913
5915
5916
5917
5919
5920
5921
5922
5924
5928
5929
5930
5931
5933
5934
5936
5937
5938
5941
5942
5944
5945
5947
5950
5953
5954
5957
5966
5971
5973
5974
5975
5976
5977
5978
5979
5980
5981
5983
5987
5989
5993
5994
5995
5996
5997
6008
6009
6010
6014
6015
6016
6018
6019
6020
6022
6023
6027
6028
6029
6031
6037
6038
6039
6040
6045
6046
6048
6050
6051
6053
6055
6056
6057
6062
6063
6064
6066
6069
6071
6072
6073
6074
6076
6077
6079
6081
6083
6084
6085
6086
6089
6092
6093
6095
6096
6097
6099
6100
6101
6102
6106
6108
6111
6113
6116
6117
6119
6121
6122
6123
6124
6127
6130
6132
6134
6136
6141
6143
6144
6151
6153
6155
6158
6159
6161
6164
6166
6168
6175
6176
6177
6179
6180
6182
6184
6189
6190
6196
6198
6200
6201
6203
6204
6206
6207
6209
6216
6217
6218
6220
6221
6226
6227
6228
6230
6232
6242
6243
6244
6248
6249
6250
6253
6260
6261
6262
6263
6264
6265
6266
6268
6269
6275
6278
6279
6280
6281
6282
6283
6286
6288
6291
6293
6295
6297
6299
6303
6306
6308
6313
6318
6322
6323
6326
6327
6332
6334
6340
6342
6343
6345
6346
6350
6353
6354
6359
6363
6367
6369
6372
6373
6376
6377
6381
6382
6387
6389
6394
6396
6397
6399
6400
6405
6410
6411
6412
6415
6418
6425
6427
6428
6429
6432
6433
6435
6436
6437
6439
6441
6444
6446
6448
6451
6455
6456
6457
6460
6461
6463
6469
6470
6471
6472
6475
6476
6478
6482
6483
6485
6493
6496
6497
6499
6504
6506
6508
6510
6515
6519
6521
6522
6526
6529
6530
6535
6537
6541
6544
6545
6547
6549
6551
6552
6555
6556
6561
6563
6565
6566
6567
6569
6573
6577
6579
6581
6583
6590
6591
6593
6595
6599
6600
6603
6604
6605
6607
6610
6612
6614
6617
6619
6620
6627
6629
6630
6631
6632
6634
6635
6636
6640
6642
6643
6644
6645
6647
6649
6652
6654
6658
6659
6660
6661
6665
6669
6672
6677
6678
6679
6682
6685
6686
6690
6695
6697
6698
6701
6702
6704
6705
6708
6709
6715
6718
6720
6721
6723
6725
6732
6734
6740
6741
6742
6749
6750
6752
6756
6757
6758
6759
6760
6762
6768
6770
6771
6772
6774
6776
6777
6778
6779
6780
6781
6783
6791
6794
6797
6798
6802
6805
6806
6807
6808
6809
6811
6815
6816
6817
6818
6821
6824
6830
6834
6835
6836
6840
6841
6842
6843
6848
6853
6856
6857
6858
6862
6863
6865
6867
6868
6870
6871
6873
6875
6876
6877
6880
6883
6884
6885
6886
6887
6892
6893
6896
6898
6899
6900
6901
6902
6903
6905
6906
6907
6908
6910
6912
6916
6921
6923
6924
6925
6926
6927
6928
6929
6930
6932
6934
6935
6936
6937
6938
6941
6945
6947
6948
6949
6950
6951
6952
6960
6964
6965
6967
6968
6970
6973
6976
6978
6980
6984
6986
6987
6989
6991
6994
6998
7000
7008
7009
7012
7017
7019
7021
7022
7023
7029
7030
7032
7036
7042
7043
7044
7046
7048
7053
7054
7055
7058
7060
7066
7068
7072
7073
7074
7078
7080
7081
7082
7089
7091
7093
7094
7096
7097
7100
7103
7104
7109
7110
7111
7113
7115
7118
7119
7121
7122
7130
7131
7133
7139
7140
7143
7144
7147
7150
7151
7157
7158
7160
7161
7162
7164
7165
7170
7172
7174
7175
7176
7177
7179
7180
7181
7183
7187
7190
7193
7194
7195
7196
7198
7202
7205
7211
7216
7217
7224
7229
7233
7234
7236
7238
7242
7244
7246
7251
7255
7256
7258
7259
7260
7262
7266
7267
7270
7272
7278
7281
7284
7285
7289
7290
7293
7294
7296
7297
7299
7300
7303
7304
7309
7310
7311
7314
7316
7317
7321
7322
7324
7325
7326
7327
7330
7331
7334
7336
7337
7338
7340
7341
7342
7343
7345
7346
7349
7350
7353
7357
7362
7363
7365
7366
7369
7373
7376
7379
7380
7382
7384
7389
7392
7393
7394
7395
7396
7397
7398
7399
7402
7410
7413
7415
7418
7420
7421
7424
7428
7429
7430
7434
7435
7437
7439
7440
7441
7446
7447
7448
7449
7450
7451
7452
7458
7460
7461
7462
7465
7467
7469
7470
7475
7477
7479
7481
7487
7490
7491
7498
7503
7505
7507
7513
7514
7515
7516
7518
7519
7520
7521
7524
7525
7526
7529
7533
7534
7536
7540
7546
7547
7549
7555
7558
7560
7561
7566
7568
7584
7585
7587
7592
7593
7594
7596
7598
7601
7602
7607
7614
7617
7618
7619
7621
7622
7623
7624
7626
7628
7629
7630
7634
7637
7640
7641
7642
7645
7650
7651
7652
7654
7655
7658
7660
7661
7662
7664
7668
7669
7673
7678
7679
7680
7681
7683
7684
7685
7687
7689
7690
7691
7692
7695
7697
7699
7701
7703
7705
7707
7709
7712
7713
7714
7716
7721
7722
7723
7729
7730
7731
7733
7735
7738
7739
7741
7743
7745
7746
7747
7749
7752
7755
7756
7757
7759
7763
7764
7765
7767
7768
7770
7771
7772
7773
7774
7777
7779
7781
7782
7783
7787
7790
7792
7797
7799
7800
7802
7805
7809
7811
7813
7815
7816
7818
7823
7824
7825
7827
7828
7830
7831
7834
7836
7841
7844
7850
7855
7858
7862
7864
7872
7874
7875
7876
7877
7878
7883
7884
7885
7887
7890
7897
7899
7901
7902
7904
7908
7910
7911
7912
7914
7924
7926
7927
7928
7933
7935
7937
7939
7942
7945
7948
7949
7951
7952
7956
7958
7959
7961
7964
7966
7968
7969
7972
7974
7976
7977
7979
7984
7986
7987
7990
7991
7992
7994
8001
8002
8003
8005
8006
8007
8011
8012
8015
8018
8019
8020
8021
8022
8024
8026
8028
8031
8033
8036
8037
8039
8040
8042
8044
8046
8053
8054
8057
8059
8060
8061
8063
8064
8068
8069
8072
8077
8080
8081
8082
8084
8085
8086
8088
8089
8092
8093
8094
8100
8102
8103
8116
8117
8124
8127
8129
8130
8132
8133
8142
8143
8146
8147
8149
8150
8154
8155
8157
8160
8162
8163
8164
8166
8167
8168
8169
8173
8176
8177
8179
8181
8183
8185
8187
8188
8191
8195
8198
8199
8201
8202
8203
8205
8210
8211
8214
8215
8216
8219
8222
8225
8226
8227
8228
8230
8233
8234
8235
8236
8239
8244
8245
8246
8248
8252
8253
8255
8256
8260
8261
8262
8263
8269
8273
8274
8277
8279
8281
8283
8285
8291
8295
8297
8299
8304
8305
8307
8308
8314
8315
8318
8319
8321
8323
8325
8327
8331
8332
8333
8335
8338
8343
8345
8346
8347
8348
8352
8355
8356
8358
8360
8361
8363
8364
8366
8367
8368
8371
8372
8374
8375
8376
8378
8384
8390
8391
8392
8396
8398
8399
8400
8401
8403
8405
8412
8413
8414
8416
8417
8419
8423
8424
8425
8429
8431
8433
8434
8435
8439
8441
8442
8444
8448
8449
8451
8453
8454
8456
8457
8459
8461
8466
8468
8474
8475
8476
8479
8480
8482
8484
8485
8486
8488
8489
8491
8495
8496
8497
8501
8505
8506
8510
8517
8519
8520
8523
8525
8528
8529
8530
8532
8533
8537
8538
8539
8541
8542
8543
8546
8548
8551
8553
8555
8557
8562
8567
8568
8574
8575
8580
8581
8583
8585
8586
8590
8597
8598
8602
8605
8607
8610
8611
8612
8613
8616
8617
8622
8628
8629
8630
8631
8632
8633
8636
8637
8638
8639
8640
8643
8646
8649
8650
8652
8654
8656
8659
8661
8672
8673
8675
8678
8679
8680
8682
8685
8686
8687
8692
8695
8696
8697
8698
8699
8700
8703
8704
8708
8710
8711
8714
8716
8717
8718
8719
8721
8724
8725
8731
8732
8734
8735
8736
8738
8739
8742
8750
8751
8752
8753
8757
8763
8765
8770
8772
8774
8776
8780
8785
8786
8789
8794
8795
8797
8807
8808
8809
8811
8814
8816
8817
8818
8819
8820
8821
8822
8825
8826
8827
8829
8832
8834
8836
8839
8842
8843
8844
8851
8852
8854
8855
8857
8860
8862
8864
8865
8868
8870
8874
8876
8877
8880
8883
8884
8885
8888
8889
8890
8892
8893
8895
8897
8898
8901
8902
8905
8906
8907
8908
8910
8913
8915
8916
8918
8921
8924
8930
8931
8932
8935
8936
8938
8943
8944
8945
8946
8947
8948
8949
8953
8955
8956
8959
8962
8964
8965
8969
8970
8972
8975
8980
8986
8989
8993
8995
8996
9002
9003
9006
9019
9022
9024
9025
9026
9027
9030
9031
9032
9033
9035
9038
9040
9041
9044
9045
9053
9057
9058
9059
9062
9063
9065
9066
9067
9068
9069
9070
9071
9078
9080
9081
9084
9087
9088
9089
9090
9091
9093
9100
9104
9105
9107
9109
9110
9111
9113
9116
9120
9121
9122
9124
9125
9128
9130
9131
9132
9134
9136
9138
9139
9142
9149
9150
9152
9153
9159
9160
9161
9163
9167
9168
9170
9171
9173
9175
9176
9177
9181
9183
9184
9185
9187
9189
9190
9192
9195
9196
9198
9200
9202
9205
9206
9207
9210
9211
9214
9215
9218
9221
9222
9223
9225
9226
9229
9232
9236
9237
9238
9240
9241
9244
9245
9246
9247
9248
9250
9253
9254
9255
9256
9260
9264
9265
9267
9268
9272
9273
9274
9276
9283
9286
9287
9288
9290
9291
9294
9296
9297
9299
9300
9301
9303
9305
9306
9308
9309
9310
9318
9319
9321
9322
9324
9326
9327
9328
9329
9332
9333
9337
9341
9342
9343
9345
9347
9348
9349
9350
9352
9356
9359
9361
9368
9369
9370
9373
9374
9376
9378
9381
9385
9391
9395
9399
9402
9403
9404
9405
9407
9408
9409
9411
9416
9418
9422
9424
9425
9428
9431
9432
9435
9437
9440
9444
9447
9448
9449
9452
9456
9457
9458
9459
9460
9461
9468
9469
9470
9472
9473
9474
9476
9478
9482
9483
9487
9488
9493
9494
9496
9500
9502
9506
9507
9510
9513
9515
9516
9518
9523
9524
9526
9534
9541
9542
9543
9545
9546
9548
9549
9552
9555
9556
9558
9561
9562
9563
9566
9568
9571
9572
9573
9574
9575
9576
9577
9578
9579
9582
9583
9585
9586
9587
9589
9593
9594
9595
9600
9601
9602
9604
9611
9616
9618
9619
9620
9621
9622
9624
9629
9630
9633
9635
9639
9640
9641
9645
9646
9647
9649
9650
9653
9654
9657
9659
9667
9668
9669
9671
9676
9679
9680
9682
9684
9687
9693
9694
9696
9697
9699
9704
9709
9715
9720
9722
9723
9725
9726
9727
9730
9732
9733
9734
9736
9737
9743
9744
9749
9751
9752
9753
9757
9758
9760
9761
9762
9764
9766
9772
9773
9774
9776
9778
9782
9783
9784
9785
9787
9788
9789
9792
9793
9797
9799
9800
9802
9803
9804
9805
9806
9811
9812
9815
9816
9819
9821
9823
9825
9826
9828
9829
9831
9833
9835
9837
9838
9839
9840
9843
9844
9845
9847
9853
9854
9855
9856
9857
9860
9863
9866
9869
9871
9872
9875
9876
9877
9879
9881
9886
9889
9891
9892
9893
9895
9899
9900
9902
9905
9908
9909
9911
9913
9915
9917
9919
9923
9925
9930
9934
9938
9939
9941
9942
9943
9944
9945
9946
9947
9950
9953
9957
9959
9960
9963
9964
9965
9966
9967
9968
9971
9972
9974
9975
9977
9980
9983
9984
9986
9987
9990
9991
9992
9993
9994
9995
9996
10007
10008
10013
10014
10015
10016
10017
10019
10020
10023
10024
10026
10027
10031
10033
10035
10044
10045
10046
10049
10051
10053
10054
10055
10057
10058
10065
10066
10067
10068
10072
10074
10075
10076
10078
10079
10082
10083
10087
10090
10091
10093
10094
10096
10099
10104
10106
10107
10108
10109
10110
10111
10115
10117
10119
10123
10129
10131
10132
10133
10135
10136
10138
10139
10140
10141
10142
10143
10149
10151
10152
10155
10159
10160
10161
10164
10169
10173
10175
10177
10179
10180
10183
10184
10185
10186
10187
10188
10189
10190
10194
10195
10196
10197
10199
10201
10202
10203
10205
10206
10207
10209
10216
10220
10222
10223
10225
10226
10230
10231
10235
10237
10238
10242
10243
10246
10248
10253
10254
10256
10258
10259
10260
10262
10264
10265
10266
10269
10271
10273
10274
10279
10280
10282
10285
10286
10288
10289
10292
10294
10295
10296
10298
10302
10305
10306
10308
10311
10312
10314
10316
10318
10320
10321
10322
10323
10324
10326
10329
10330
10331
10332
10337
10338
10341
10342
10344
10345
10346
10347
10348
10355
10356
10357
10360
10361
10362
10368
10369
10370
10371
10373
10377
10378
10380
10381
10383
10387
10390
10392
10393
10394
10399
10402
10404
10405
10406
10409
10410
10412
10414
10415
10416
10417
10422
10426
10429
10432
10435
10436
10438
10440
10442
10448
10455
10456
10458
10460
10462
10463
10465
10467
10468
10469
10474
10475
10476
10477
10482
10484
10485
10486
10492
10493
10496
10497
10499
10500
10501
10503
10504
10506
10507
10508
10510
10513
10515
10516
10519
10520
10521
10522
10524
10528
10530
10532
10533
10535
10536
10537
10540
10542
10543
10545
10546
10547
10548
10549
10552
10554
10555
10556
10559
10565
10569
10570
10571
10574
10577
10580
10587
10588
10589
10591
10594
10595
10597
10598
10600
10601
10602
10603
10604
10607
10609
10612
10613
10621
10623
10624
10626
10630
10632
10634
10636
10637
10641
10642
10643
10645
10646
10647
10649
10652
10653
10654
10655
10657
10659
10660
10662
10664
10669
10672
10674
10676
10678
10679
10680
10681
10684
10685
10688
10690
10691
10696
10698
10699
10700
10701
10703
10704
10705
10707
10709
10711
10715
10716
10717
10719
10722
10723
10726
10727
10729
10730
10735
10736
10737
10738
10739
10741
10742
10743
10747
10748
10750
10754
10756
10761
10763
10766
10767
10768
10769
10775
10778
10779
10780
10785
10786
10789
10790
10791
10793
10797
10801
10802
10804
10805
10807
10808
10810
10812
10813
10815
10819
10821
10823
10824
10825
10826
10827
10828
10829
10830
10832
10835
10839
10840
10843
10845
10846
10847
10851
10853
10854
10857
10862
10863
10866
10867
10869
10871
10873
10874
10875
10879
10883
10885
10888
10892
10894
10895
10896
10897
10899
10903
10904
10908
10909
10913
10919
10920
10924
10926
10929
10930
10931
10932
10934
10935
10936
10944
10946
10947
10948
10949
10950
10951
10952
10953
10954
10955
10959
10960
10963
10964
10966
10967
10969
10970
10972
10975
10980
10981
10982
10983
10985
10986
10987
10989
10991
10994
10995
10998
10999
11001
11002
11004
11005
11007
11016
11017
11018
11020
11023
11024
11027
11030
11032
11034
11035
11037
11039
11040
11041
11048
11050
11052
11053
11054
11057
11059
11062
11063
11065
11066
11067
11068
11069
11070
11071
11072
11073
11074
11075
11076
11079
11080
11081
11082
11083
11086
11087
11088
11089
11090
11091
11092
11094
11095
11096
11097
11099
11101
11104
11105
11106
11112
11113
11114
11115
11117
11118
11120
11121
11122
11126
11127
11129
11132
11133
11134
11136
11137
11138
11140
11141
11143
11147
11148
11151
11152
11154
11155
11156
11157
11158
11160
11161
11168
11170
11171
11176
11177
11178
11183
11184
11185
11188
11189
11193
11196
11197
11201
11203
11205
11206
11207
11208
11209
11211
11212
11213
11217
11220
11221
11222
11225
11229
11232
11234
11235
11239
11241
11243
11245
11248
11249
11250
11251
11253
11260
11261
11262
11263
11268
11270
11271
11272
11273
11275
11282
11283
11285
11286
11287
11288
11289
11291
11292
11293
11294
11296
11298
11300
11301
11302
11306
11312
11317
11318
11319
11320
11321
11323
11325
11328
11329
11330
11336
11337
11339
11342
11343
11344
11345
11349
11352
11353
11355
11356
11357
11359
11360
11363
11364
11365
11368
11372
11374
11377
11378
11379
11382
11387
11388
11391
11392
11393
11395
11396
11398
11399
11400
11401
11402
11403
11406
11408
11411
11417
11420
11421
11424
11425
11428
11429
11434
11435
11437
11440
11441
11442
11445
11453
11455
11456
11464
11465
11468
11469
11470
11472
11474
11475
11476
11477
11479
11480
11481
11482
11483
11485
11487
11488
11491
11493
11495
11496
11503
11505
11506
11508
11510
11514
11515
11516
11520
11522
11526
11528
11529
11532
11534
11539
11540
11543
11544
11545
11546
11547
11548
11549
11556
11557
11558
11559
11560
11561
11564
11565
11568
11569
11571
11572
11573
11574
11575
11576
11578
11579
11580
11581
11583
11587
11590
11591
11592
11593
11603
11605
11606
11608
11611
11616
11617
11620
11622
11624
11625
11627
11629
11632
11633
11635
11638
11642
11643
11644
11646
11647
11649
11650
11651
11653
11655
11657
11660
11662
11664
11665
11666
11667
11668
11672
11673
11674
11676
11677
11678
11679
11680
11683
11685
11686
11687
11688
11691
11695
11702
11704
11705
11707
11710
11711
11712
11715
11716
11721
11727
11730
11733
11735
11740
11741
11746
11747
11749
11750
11752
11754
11756
11758
11759
11765
11766
11767
11769
11773
11774
11778
11781
11782
11783
11784
11785
11792
11793
11799
11802
11803
11806
11807
11808
11810
11814
11815
11816
11820
11822
11825
11828
11829
11831
11832
11834
11835
11838
11839
11840
11841
11843
11844
11845
11847
11848
11849
11851
11852
11854
11855
11857
11863
11865
11867
11869
11872
11873
11879
11880
11884
11885
11886
11887
11888
11889
11890
11891
11894
11900
11901
11907
11908
11912
11913
11914
11915
11920
11924
11925
11928
11929
11930
11932
11934
11935
11936
11939
11941
11943
11944
11946
11948
11953
11955
11959
11960
11961
11964
11966
11967
11969
11970
11971
11972
11973
11977
11978
11981
11983
11984
11986
11990
11991
11992
11993
11995
11999
12000
12005
12006
12007
12008
12009
12011
12013
12014
12015
12016
12017
12019
12020
12021
12025
12026
12027
12028
12030
12031
12032
12034
12036
12041
12047
12050
12051
12053
12055
12059
12060
12061
12067
12068
12074
12075
12076
12080
12084
12085
12089
12092
12093
12094
12095
12096
12098
12104
12105
12108
12109
12111
12112
12113
12118
12120
12121
12126
12128
12130
12132
12133
12136
12137
12138
12141
12143
12144
12151
12154
12155
12156
12157
12159
12162
12164
12174
12176
12179
12181
12186
12187
12189
12192
12198
12199
12201
12202
12208
12209
12211
12212
12214
12215
12219
12220
12223
12225
12226
12227
12229
12231
12234
12235
12237
12238
12239
12240
12241
12247
12251
12252
12255
12259
12263
12265
12266
12268
12270
12271
12272
12273
12274
12276
12277
12279
12282
12283
12286
12287
12291
12296
12297
12299
12300
12301
12308
12315
12317
12319
12320
12323
12325
12326
12327
12330
12332
12334
12335
12337
12343
12345
12346
12352
12354
12355
12356
12357
12359
12360
12361
12366
12368
12371
12372
12373
12375
12378
12379
12381
12382
12384
12387
12388
12391
12393
12397
12399
12400
12401
12404
12407
12409
12411
12412
12414
12415
12416
12418
12419
12420
12421
12422
12423
12424
12425
12426
12430
12431
12436
12437
12438
12440
12441
12442
12443
12444
12445
12450
12451
12453
12455
12458
12459
12462
12468
12469
12470
12471
12473
12479
12481
12483
12484
12488
12489
12491
12493
12494
12498
12499
12503
12504
12512
12513
12515
12517
12518
12519
12521
12525
12527
12528
12530
12533
12536
12537
12539
12541
12543
12546
12547
12552
12555
12556
12558
12559
12562
12565
12566
12568
12571
12573
12576
12577
12581
12583
12585
12586
12587
12588
12589
12590
12591
12593
12594
12601
12602
12606
12611
12613
12614
12615
12616
12617
12619
12624
12627
12630
12631
12632
12634
12637
12640
12641
12642
12644
12646
12647
12648
12651
12652
12654
12655
12656
12657
12658
12659
12661
12664
12666
12668
12671
12672
12673
12676
12677
12678
12680
12681
12685
12688
12690
12691
12696
12698
12700
12701
12702
12704
12706
12709
12711
12713
12714
12715
12717
12718
12719
12721
12723
12724
12728
12729
12730
12732
12733
12735
12736
12739
12742
12743
12747
12755
12759
12760
12761
12762
12763
12764
12765
12766
12771
12773
12775
12777
12778
12779
12780
12781
12784
12786
12787
12789
12790
12791
12792
12794
12796
12797
12800
12802
12804
12805
12806
12810
12812
12817
12818
12819
12820
12822
12830
12831
12832
12833
12837
12839
12840
12843
12844
12846
12848
12849
12850
12852
12854
12855
12857
12858
12859
12860
12861
12862
12863
12865
12866
12868
12871
12873
12874
12875
12877
12879
12880
12882
12883
12884
12885
12887
12888
12890
12891
12892
12893
12898
12902
12907
12909
12910
12912
12913
12916
12917
12919
12921
12925
12927
12928
12929
12930
12932
12933
12940
12941
12943
12948
12949
12951
12953
12955
12958
12959
12960
12961
12964
12965
12967
12968
12973
12976
12978
12980
12981
12983
12987
12989
12991
12992
12993
12995
12996
12998
13001
13002
13003
13005
13006
13009
13011
13013
13014
13015
13016
13018
13021
13026
13027
13029
13031
13032
13035
13036
13037
13039
13040
13041
13042
13047
13048
13049
13051
13054
13056
13057
13061
13063
13065
13066
13068
13072
13076
13078
13079
13080
13081
13082
13083
13087
13088
13089
13091
13092
13093
13096
13097
13098
13099
13100
13101
13103
13104
13105
13110
13114
13118
13119
13120
13124
13126
13127
13129
13130
13132
13133
13134
13135
13138
13139
13141
13142
13148
13149
13151
13155
13158
13161
13162
13164
13165
13167
13171
13173
13174
13179
13180
13181
13182
13191
13192
13194
13195
13198
13200
13201
13202
13205
13206
13207
13211
13212
13214
13215
13220
13222
13223
13224
13225
13226
13230
13234
13237
13238
13240
13241
13242
13245
13246
13247
13249
13250
13251
13253
13257
13258
13261
13264
13266
13267
13268
13270
13276
13278
13283
13284
13289
13290
13291
13297
13298
13304
13307
13308
13312
13313
13314
13315
13316
13320
13322
13326
13328
13331
13332
13333
13334
13336
13337
13338
13341
13342
13343
13344
13346
13348
13350
13352
13354
13355
13361
13362
13363
13367
13370
13373
13374
13375
13378
13380
13382
13385
13386
13389
13390
13392
13394
13395
13396
13399
13400
13402
13403
13407
13408
13410
13411
13412
13413
13414
13415
13416
13417
13418
13420
13421
13422
13423
13429
13431
13432
13436
13437
13440
13441
13442
13445
13447
13448
13449
13451
13453
13458
13459
13460
13463
13464
13465
13467
13477
13479
13481
13483
13485
13487
13489
13491
13492
13494
13496
13497
13499
13500
13501
13505
13506
13507
13508
13509
13511
13514
13516
13519
13520
13523
13525
13527
13530
13534
13535
13537
13540
13543
13545
13547
13549
13551
13552
13553
13555
13556
13557
13558
13559
13561
13567
13569
13570
13571
13572
13574
13575
13580
13581
13582
13584
13585
13591
13594
13595
13597
13599
13602
13604
13610
13611
13617
13618
13621
13622
13623
13624
13627
13628
13629
13631
13633
13634
13637
13638
13640
13641
13643
13644
13646
13649
13651
13653
13654
13657
13659
13661
13664
13665
13668
13669
13673
13674
13675
13677
13678
13679
13680
13681
13683
13684
13687
13688
13691
13692
13693
13694
13696
13697
13699
13700
13702
13704
13706
13707
13709
13710
13712
13713
13714
13715
13717
13718
13720
13721
13722
13723
13724
13726
13727
13728
13729
13735
13737
13738
13739
13740
13743
13744
13748
13749
13752
13755
13756
13758
13759
13760
13761
13769
13770
13771
13774
13777
13780
13783
13784
13786
13790
13792
13793
13794
13797
13801
13802
13803
13804
13805
13807
13809
13811
13813
13815
13817
13822
13823
13826
13827
13828
13835
13836
13838
13840
13841
13843
13846
13847
13849
13851
13854
13856
13858
13863
13864
13867
13869
13870
13871
13873
13875
13877
13878
13879
13881
13882
13884
13885
13888
13890
13893
13894
13895
13896
13900
13901
13902
13904
13907
13910
13913
13919
13923
13924
13925
13926
13931
13932
13933
13936
13938
13939
13940
13945
13946
13947
13948
13950
13951
13952
13956
13958
13960
13964
13967
13969
13970
13973
13976
13977
13978
13982
13986
13988
13991
13992
13993
13996
13997
14000
14001
14002
14005
14008
14010
14012
14013
14016
14017
14018
14019
14020
14021
14022
14025
14032
14033
14034
14035
14036
14037
14039
14049
14055
14060
14063
14065
14069
14070
14074
14075
14076
14080
14083
14085
14088
14094
14095
14098
14100
14103
14104
14105
14110
14111
14115
14116
14119
14120
14121
14122
14124
14127
14132
14135
14137
14138
14140
14142
14143
14146
14147
14148
14149
14150
14151
14152
14154
14156
14163
14166
14167
14168
14169
14172
14173
14174
14177
14178
14179
14180
14183
14186
14187
14189
14190
14192
14195
14197
14200
14201
14210
14212
14213
14218
14219
14220
14224
14225
14227
14228
14229
14236
14237
14238
14240
14242
14244
14247
14249
14250
14251
14254
14255
14257
14259
14261
14262
14265
14266
14268
14269
14271
14273
14274
14275
14277
14278
14286
14287
14292
14297
14298
14299
14302
14304
14306
14308
14309
14311
14313
14316
14320
14321
14322
14323
14328
14332
14333
14336
14337
14339
14345
14348
14350
14351
14353
14354
14356
14357
14359
14362
14363
14364
14365
14367
14368
14369
14371
14373
14380
14383
14387
14389
14392
14393
14394
14395
14398
14401
14403
14408
14409
14412
14413
14414
14415
14417
14423
14425
14426
14427
14428
14430
14431
14432
14433
14435
14436
14441
14445
14447
14448
14450
14451
14452
14453
14455
14459
14460
14461
14462
14464
14467
14468
14471
14472
14475
14477
14479
14481
14484
14485
14487
14488
14489
14492
14494
14497
14499
14501
14505
14510
14512
14518
14519
14522
14523
14529
14534
14536
14537
14538
14540
14541
14542
14545
14548
14550
14551
14552
14553
14555
14558
14559
14560
14563
14564
14565
14566
14567
14569
14570
14574
14575
14576
14577
14580
14585
14590
14593
14594
14595
14598
14602
14603
14605
14608
14611
14612
14615
14619
14624
14625
14631
14632
14634
14637
14638
14639
14642
14643
14646
14647
14648
14650
14651
14656
14657
14658
14660
14662
14665
14668
14669
14672
14673
14675
14679
14681
14682
14684
14687
14688
14692
14695
14696
14698
14699
14702
14703
14706
14707
14708
14709
14710
14711
14716
14717
14718
14721
14722
14723
14726
14730
14732
14734
14735
14736
14737
14738
14739
14743
14744
14745
14749
14751
14752
14754
14755
14756
14757
14758
14759
14760
14761
14762
14766
14767
14768
14769
14771
14773
14779
14780
14781
14783
14786
14787
14789
14790
14791
14793
14794
14795
14796
14798
14799
14800
14801
14803
14805
14808
14809
14810
14811
14812
14814
14815
14817
14818
14819
14821
14826
14828
14829
14830
14835
14837
14839
14840
14841
14842
14843
14844
14848
14849
14850
14852
14857
14858
14862
14863
14865
14870
14871
14872
14874
14875
14877
14879
14883
14884
14888
14891
14894
14898
14901
14905
14906
14907
14911
14912
14913
14915
14917
14921
14922
14923
14924
14925
14927
14928
14929
14931
14933
14934
14935
14936
14937
14938
14939
14940
14942
14943
14945
14946
14947
14949
14950
14957
14958
14960
14961
14962
14963
14966
14969
14970
14971
14975
14979
14981
14984
14986
14989
14992
14993
14999
15000
15001
15002
15004
15005
15006
15009
15011
15013
15014
15017
15019
15024
15026
15027
15032
15033
15034
15036
15037
15041
15044
15045
15048
15051
15052
15056
15057
15058
15064
15068
15069
15071
15074
15075
15076
15078
15079
15080
15084
15086
15089
15093
15094
15095
15097
15098
15099
15100
15101
15103
15105
15106
15108
15113
15114
15119
15121
15122
15123
15125
15126
15130
15131
15133
15140
15141
15142
15143
15147
15151
15157
15158
15160
15161
15162
15164
15165
15166
15176
15177
15178
15181
15182
15183
15189
15190
15191
15194
15196
15201
15203
15204
15205
15206
15207
15209
15211
15212
15214
15215
15216
15223
15229
15230
15231
15232
15233
15239
15240
15245
15247
15248
15249
15250
15252
15255
15257
15258
15263
15264
15265
15269
15270
15273
15274
15275
15277
15278
15284
15287
15290
15291
15292
15293
15294
15298
15299
15301
15302
15303
15305
15308
15309
15313
15314
15317
15319
15321
15322
15327
15328
15331
15333
15335
15340
15341
15342
15344
15345
15348
15349
15353
15357
15360
15361
15362
15364
15367
15368
15369
15370
15373
15376
15378
15384
15386
15387
15390
15391
15393
15395
15396
15397
15398
15400
15401
15402
15403
15406
15409
15410
15413
15414
15415
15416
15420
15421
15422
15423
15428
15431
15433
15434
15435
15438
15439
15441
15442
15443
15450
15457
15458
15459
15460
15462
15466
15467
15468
15469
15471
15473
15475
15476
15480
15486
15487
15489
15493
15495
15497
15499
15501
15503
15505
15507
15508
15509
15510
15512
15513
15514
15515
15517
15519
15520
15522
15523
15525
15530
15531
15539
15540
15543
15544
15548
15551
15552
15553
15555
15556
15561
15563
15567
15570
15573
15575
15576
15579
15581
15583
15584
15586
15588
15589
15590
15594
15596
15598
15600
15601
15607
15610
15619
15621
15622
15624
15625
15629
15630
15631
15632
15633
15635
15636
15640
15641
15643
15644
15645
15648
15651
15656
15657
15659
15661
15663
15667
15670
15673
15679
15680
15683
15685
15686
15688
15689
15694
15699
15700
15701
15703
15706
15708
15709
15713
15715
15717
15719
15723
15729
15730
15737
15738
15741
15742
15743
15746
15752
15753
15755
15760
15761
15763
15766
15767
15768
15771
15773
15775
15779
15782
15783
15786
15787
15788
15789
15790
15792
15793
15795
15796
15798
15799
15801
15802
15803
15806
15807
15809
15811
15812
15813
15816
15817
15820
15821
15824
15828
15829
15832
15835
15840
15841
15842
15843
15844
15845
15847
15848
15849
15850
15851
15854
15859
15862
15871
15872
15873
15875
15876
15877
15878
15879
15880
15884
15886
15887
15888
15889
15891
15896
15897
15899
15904
15907
15908
15910
15911
15912
15914
15916
15922
15926
15929
15931
15932
15933
15935
15938
15939
15940
15941
15943
15944
15945
15946
15947
15951
15952
15956
15957
15959
15961
15967
15971
15974
15976
15978
15979
15980
15981
15983
15984
15991
15992
15993
15994
15997
15998
16001
16004
16007
16008
16010
16011
16013
16016
16017
16018
16019
16020
16021
16022
16024
16026
16028
16029
16032
16033
16035
16037
16040
16043
16048
16049
16052
16053
16054
16055
16056
16057
16058
16059
16062
16063
16064
16066
16067
16069
16072
16073
16078
16081
16086
16087
16088
16089
16090
16091
16092
16093
16094
16096
16097
16101
16103
16104
16106
16109
16111
16112
16113
16115
16117
16118
16120
16121
16122
16123
16124
16125
16126
16128
16129
16130
16133
16136
16137
16138
16139
16141
16142
16143
16147
16148
16149
16151
16155
16158
16163
16164
16166
16168
16171
16174
16177
16178
16182
16184
16189
16190
16191
16196
16197
16198
16200
16206
16209
16212
16215
16216
16221
16222
16223
16230
16232
16233
16236
16242
16243
16245
16247
16248
16251
16260
16261
16264
16265
16267
16271
16272
16275
16277
16279
16281
16283
16285
16286
16287
16290
16292
16293
16294
16297
16300
16301
16302
16303
16304
16305
16311
16312
16316
16318
16319
16321
16322
16325
16328
16330
16331
16332
16334
16335
16341
16342
16344
16351
16352
16353
16355
16357
16359
16360
16361
16362
16364
16365
16366
16367
16368
16369
16370
16371
16372
16374
16375
16383
16384
16385
16386
16387
16394
16395
16398
16400
16405
16406
16407
16410
16412
16415
16418
16420
16423
16425
16428
16429
16431
16432
16440
16441
16442
16443
16444
16445
16447
16449
16450
16454
16455
16456
16457
16462
16466
16473
16474
16480
16486
16487
16490
16491
16494
16495
16496
16497
16501
16502
16503
16509
16512
16516
16517
16518
16519
16520
16521
16523
16524
16525
16527
16528
16529
16531
16534
16537
16538
16543
16548
16550
16553
16555
16556
16557
16558
16561
16562
16566
16567
16568
16570
16571
16572
16573
16578
16580
16581
16583
16585
16588
16589
16594
16598
16600
16602
16604
16607
16608
16609
16610
16611
16612
16614
16615
16616
16617
16620
16623
16624
16625
16627
16628
16630
16632
16633
16635
16638
16639
16647
16649
16652
16653
16654
16660
16663
16665
16666
16668
16669
16670
16671
16674
16676
16680
16681
16682
16683
16685
16686
16687
16688
16689
16691
16697
16699
16700
16702
16705
16708
16710
16713
16714
16716
16717
16718
16719
16720
16721
16722
16724
16725
16728
16729
16731
16732
16733
16735
16740
16743
16744
16746
16747
16749
16750
16751
16752
16753
16755
16757
16763
16765
16766
16767
16768
16769
16770
16772
16779
16781
16782
16785
16787
16788
16793
16795
16800
16801
16803
16806
16807
16809
16810
16811
16812
16813
16814
16819
16820
16821
16825
16829
16834
16836
16837
16838
16839
16840
16843
16844
16845
16847
16849
16851
16853
16855
16857
16858
16859
16860
16861
16862
16864
16867
16868
16869
16870
16871
16872
16873
16878
16879
16883
16884
16887
16888
16889
16891
16896
16899
16900
16904
16907
16915
16916
16917
16919
16920
16922
16925
16927
16928
16929
16933
16936
16937
16938
16939
16940
16946
16947
16949
16950
16951
16953
16955
16957
16960
16963
16964
16965
16970
16972
16974
16976
16984
16986
16987
16988
16989
16990
16992
16993
16994
16995
16996
16997
16999
17000
17003
17004
17005
17006
17007
17008
17009
17010
17011
17015
17016
17020
17021
17022
17023
17026
17027
17030
17032
17033
17034
17036
17038
17041
17042
17043
17051
17052
17053
17054
17055
17058
17059
17062
17063
17065
17066
17067
17069
17070
17073
17074
17075
17078
17081
17083
17086
17090
17091
17094
17095
17098
17099
17100
17103
17104
17105
17106
17107
17109
17110
17111
17112
17115
17116
17120
17122
17125
17128
17130
17131
17134
17137
17140
17143
17145
17147
17148
17149
17154
17155
17157
17159
17161
17162
17163
17164
17165
17167
17168
17169
17172
17174
17175
17177
17179
17180
17181
17182
17185
17192
17193
17194
17195
17196
17201
17204
17206
17207
17213
17215
17219
17224
17225
17226
17227
17234
17235
17237
17238
17239
17240
17241
17242
17249
17250
17252
17253
17256
17258
17262
17264
17266
17268
17269
17270
17271
17272
17273
17274
17275
17276
17277
17279
17282
17284
17285
17288
17289
17290
17291
17293
17294
17295
17296
17297
17299
17300
17301
17302
17304
17308
17310
17311
17312
17313
17314
17318
17320
17321
17322
17323
17324
17325
17329
17331
17334
17338
17339
17343
17348
17349
17352
17354
17356
17357
17364
17366
17367
17368
17369
17373
17375
17377
17378
17380
17381
17382
17383
17387
17390
17391
17393
17394
17396
17397
17398
17401
17402
17406
17410
17413
17414
17415
17419
17423
17425
17427
17428
17429
17430
17432
17433
17436
17437
17438
17439
17446
17447
17448
17449
17452
17454
17457
17458
17461
17463
17465
17466
17467
17468
17471
17474
17480
17481
17485
17487
17488
17493
17494
17495
17497
17498
17500
17501
17502
17503
17506
17509
17512
17515
17518
17522
17523
17524
17525
17529
17532
17534
17535
17536
17539
17542
17544
17545
17549
17550
17551
17553
17555
17558
17559
17560
17564
17565
17567
17569
17571
17572
17573
17575
17578
17581
17582
17583
17585
17591
17595
17596
17599
17600
17601
17603
17605
17607
17608
17610
17613
17619
17621
17623
17627
17628
17629
17630
17633
17635
17637
17638
17639
17640
17643
17644
17646
17647
17648
17650
17652
17653
17654
17655
17656
17658
17661
17663
17664
17665
17666
17667
17669
17670
17671
17673
17678
17682
17683
17685
17686
17688
17691
17694
17700
17702
17705
17706
17708
17710
17711
17712
17713
17714
17715
17716
17717
17718
17720
17721
17724
17725
17728
17732
17734
17737
17739
17741
17744
17745
17747
17749
17750
17752
17753
17756
17757
17759
17760
17765
17767
17768
17771
17773
17776
17780
17785
17787
17789
17790
17793
17796
17797
17798
17802
17804
17805
17811
17814
17817
17819
17820
17825
17830
17834
17835
17836
17839
17841
17842
17843
17844
17845
17846
17847
17848
17849
17850
17851
17852
17854
17858
17859
17861
17862
17865
17866
17867
17869
17870
17873
17875
17877
17878
17880
17889
17892
17894
17896
17897
17898
17901
17904
17905
17911
17915
17916
17917
17919
17921
17922
17923
17924
17927
17928
17932
17933
17934
17936
17938
17939
17941
17942
17943
17944
17945
17946
17947
17950
17951
17952
17954
17955
17956
17957
17958
17960
17961
17962
17963
17964
17966
17969
17970
17973
17975
17979
17980
17981
17982
17983
17984
17987
17988
17989
17990
17991
17992
17994
17995
18000
18001
18002
18003
18005
18008
18009
18012
18014
18015
18016
18018
18021
18022
18023
18026
18027
18028
18029
18030
18034
18035
18036
18037
18038
18039
18041
18043
18044
18045
18046
18047
18048
18051
18052
18055
18056
18062
18064
18069
18070
18074
18075
18077
18078
18079
18085
18087
18088
18091
18093
18095
18097
18099
18100
18106
18108
18109
18111
18113
18115
18116
18117
18120
18122
18125
18127
18133
18134
18135
18138
18142
18143
18145
18146
18148
18150
18152
18153
18156
18157
18161
18164
18165
18166
18167
18171
18172
18174
18176
18178
18179
18185
18191
18192
18193
18195
18197
18199
18201
18202
18204
18206
18207
18208
18209
18212
18213
18214
18216
18218
18219
18220
18221
18222
18225
18226
18227
18228
18229
18230
18232
18234
18238
18243
18244
18246
18248
18249
18250
18251
18252
18258
18259
18263
18264
18268
18274
18277
18279
18280
18284
18285
18287
18288
18289
18290
18291
18293
18294
18295
18296
18297
18300
18302
18303
18307
18308
18309
18311
18314
18316
18322
18329
18333
18335
18336
18337
18343
18346
18352
18353
18354
18355
18357
18358
18359
18361
18363
18364
18365
18366
18367
18368
18372
18373
18381
18382
18387
18388
18389
18390
18391
18393
18396
18397
18399
18400
18401
18402
18403
18405
18407
18411
18413
18415
18418
18420
18421
18425
18426
18427
18428
18431
18432
18434
18437
18438
18439
18440
18441
18443
18447
18448
18449
18450
18451
18453
18459
18462
18464
18468
18472
18473
18475
18477
18478
18479
18481
18482
18483
18485
18486
18487
18488
18489
18490
18492
18498
18499
18501
18502
18504
18506
18507
18508
18509
18510
18513
18515
18516
18519
18521
18523
18524
18529
18531
18533
18536
18538
18539
18540
18541
18545
18548
18551
18555
18557
18558
18559
18562
18563
18564
18565
18567
18570
18571
18572
18573
18579
18580
18583
18585
18587
18588
18589
18590
18592
18594
18595
18598
18599
18602
18607
18608
18610
18613
18614
18616
18619
18621
18623
18625
18626
18629
18633
18636
18637
18638
18643
18645
18648
18649
18654
18655
18656
18659
18660
18663
18665
18667
18670
18673
18674
18677
18681
18683
18685
18693
18694
18695
18696
18698
18701
18703
18704
18705
18706
18708
18709
18710
18711
18713
18714
18715
18716
18718
18720
18721
18722
18723
18724
18726
18727
18729
18730
18731
18733
18735
18736
18739
18741
18742
18743
18747
18748
18750
18751
18753
18755
18756
18757
18758
18763
18765
18766
18767
18769
18771
18772
18774
18776
18779
18781
18785
18789
18793
18794
18797
18799
18807
18814
18815
18816
18817
18818
18819
18820
18821
18824
18826
18829
18830
18833
18836
18838
18839
18841
18842
18844
18845
18847
18848
18849
18850
18852
18853
18854
18857
18858
18861
18865
18867
18872
18873
18877
18881
18884
18887
18889
18890
18891
18893
18898
18899
18902
18903
18904
18905
18907
18909
18911
18913
18914
18915
18916
18919
18920
18923
18924
18930
18931
18932
18934
18937
18939
18941
18942
18943
18947
18950
18951
18952
18953
18954
18955
18956
18957
18959
18960
18962
18963
18964
18965
18966
18967
18969
18971
18973
18974
18976
18978
18983
18986
18987
18988
18990
18993
18994
18995
18997
18998
18999
19001
19003
19004
19005
19006
19007
19011
19015
19017
19018
19019
19022
19023
19025
19026
19027
19029
19031
19032
19033
19035
19038
19040
19044
19045
19046
19047
19049
19052
19056
19058
19068
19072
19073
19074
19077
19078
19079
19080
19083
19085
19086
19087
19089
19090
19091
19094
19095
19096
19098
19099
19101
19105
19106
19109
19110
19112
19114
19116
19119
19121
19122
19123
19124
19125
19126
19127
19130
19132
19133
19137
19138
19144
19145
19146
19147
19148
19151
19156
19158
19161
19162
19163
19164
19166
19169
19172
19173
19174
19175
19176
19177
19179
19180
19181
19182
19183
19187
19190
19191
19196
19199
19200
19201
19202
19206
19207
19210
19212
19217
19219
19221
19223
19225
19226
19227
19228
19230
19231
19232
19233
19234
19240
19241
19242
19243
19244
19245
19246
19248
19249
19250
19251
19252
19260
19261
19262
19264
19267
19269
19270
19272
19273
19274
19276
19278
19280
19281
19285
19287
19288
19291
19292
19293
19295
19297
19299
19303
19305
19307
19308
19313
19314
19315
19316
19319
19320
19322
19324
19327
19329
19334
19340
19341
19343
19344
19345
19347
19348
19349
19351
19353
19356
19357
19361
19362
19365
19367
19370
19371
19372
19375
19377
19379
19381
19382
19384
19386
19390
19391
19393
19395
19396
19400
19402
19403
19404
19406
19407
19409
19412
19414
19415
19416
19422
19423
19425
19427
19430
19431
19434
19436
19439
19441
19442
19444
19446
19453
19454
19457
19458
19463
19465
19466
19469
19470
19471
19472
19473
19475
19477
19480
19481
19484
19485
19486
19487
19489
19491
19492
19493
19494
19497
19498
19502
19503
19504
19505
19508
19510
19513
19515
19516
19518
19522
19524
19525
19526
19527
19530
19531
19532
19533
19535
19538
19540
19541
19542
19543
19544
19548
19549
19553
19554
19555
19556
19561
19563
19566
19567
19568
19569
19570
19571
19572
19576
19577
19580
19581
19583
19584
19585
19590
19593
19599
19602
19605
19607
19608
19609
19611
19615
19616
19618
19619
19620
19621
19623
19624
19626
19627
19628
19629
19630
19634
19636
19638
19640
19641
19645
19648
19651
19652
19653
19656
19659
19661
19662
19666
19667
19671
19672
19673
19675
19676
19677
19679
19680
19683
19685
19688
19689
19690
19692
19693
19694
19695
19697
19698
19699
19700
19701
19702
19706
19709
19716
19719
19722
19723
19724
19726
19728
19734
19735
19736
19737
19739
19740
19741
19742
19743
19747
19748
19749
19754
19761
19766
19767
19768
19770
19772
19774
19775
19777
19778
19781
19783
19784
19786
19787
19788
19789
19791
19792
19793
19794
19798
19799
19802
19804
19811
19813
19815
19817
19821
19822
19823
19824
19826
19830
19840
19843
19844
19845
19846
19847
19849
19852
19853
19854
19856
19857
19858
19859
19860
19862
19863
19864
19865
19871
19877
19882
19883
19884
19886
19888
19893
19896
19897
19901
19902
19907
19908
19909
19911
19913
19918
19920
19921
19924
19927
19928
19929
19931
19932
19938
19940
19944
19946
19947
19950
19952
19954
19956
19957
19960
19961
19963
19964
19965
19966
19970
19971
19973
19975
19977
19978
19979
19980
19981
19982
19983
19985
19986
19987
19991
19993
19996
19998
