1
2
3
4
5
6
7
11
13
14
15
16
17
18
19
21
22
25
26
27
30
33
34
35
39
43
44
47
48
50
54
55
64
67
70
71
73
76
77
78
81
82
83
84
85
86
88
89
92
94
95
97
98
100
102
105
106
107
108
109
111
113
116
119
123
124
127
128
130
131
132
133
135
138
141
142
143
146
148
150
152
155
157
159
161
163
164
165
167
168
171
172
174
178
182
184
186
187
191
192
195
196
198
199
200
201
202
203
205
206
208
209
210
211
214
215
216
218
219
220
223
224
225
226
227
228
231
233
235
237
238
241
242
251
253
254
255
256
259
262
263
264
265
270
273
274
276
278
280
283
285
287
288
289
290
291
296
297
303
307
310
312
314
317
319
321
323
329
330
334
335
336
337
338
339
341
342
343
346
347
349
350
351
353
354
356
357
363
366
367
369
370
372
373
375
379
382
386
387
388
389
391
392
393
394
400
406
407
409
410
411
412
413
416
417
419
423
429
430
431
434
435
437
442
443
444
447
448
453
456
458
459
464
467
468
470
471
472
473
474
475
476
477
481
482
483
484
485
487
488
492
494
495
496
498
499
501
502
503
504
506
508
509
512
513
514
516
518
519
520
523
524
525
526
527
528
530
531
533
534
535
536
537
538
539
540
544
545
548
551
552
555
556
559
560
561
562
563
565
571
573
574
575
576
578
580
584
587
591
594
596
599
601
602
603
605
607
608
609
611
612
613
615
617
621
622
623
625
629
631
632
633
634
636
637
638
639
640
641
642
646
648
653
654
655
657
658
659
660
661
662
664
665
666
667
668
673
677
678
681
687
689
690
691
692
693
697
698
700
703
705
706
707
709
715
716
718
720
721
726
727
728
729
733
734
735
739
741
742
743
748
749
751
753
754
761
763
764
768
770
772
773
775
778
780
784
787
789
790
791
792
795
797
800
801
802
804
806
807
810
812
813
816
817
818
819
821
823
824
825
829
830
831
832
835
838
839
840
848
854
857
860
861
862
863
864
865
870
873
875
876
877
878
879
880
881
884
885
886
887
888
890
896
897
899
900
901
903
905
906
907
908
909
918
919
920
921
922
925
926
928
929
931
933
934
935
936
939
941
942
943
944
946
947
948
949
950
951
954
955
956
959
960
961
962
964
967
969
973
974
976
978
980
981
982
983
985
986
988
989
991
995
998
999
1000
1001
1005
1006
1007
1010
1011
1012
1013
1018
1021
1023
1025
1027
1028
1029
1030
1031
1033
1034
1035
1036
1037
1040
1041
1042
1043
1044
1045
1046
1048
1050
1053
1056
1057
1059
1062
1063
1067
1068
1070
1071
1077
1078
1079
1082
1084
1088
1090
1092
1093
1094
1095
1096
1097
1098
1100
1103
1104
1107
1109
1110
1112
1113
1114
1118
1121
1122
1126
1127
1128
1129
1132
1134
1135
1139
1140
1141
1142
1144
1145
1146
1147
1149
1151
1152
1153
1155
1157
1158
1159
1160
1161
1162
1163
1169
1171
1172
1175
1176
1177
1178
1179
1182
1183
1184
1186
1188
1193
1195
1196
1198
1200
1202
1204
1206
1209
1212
1214
1221
1223
1224
1225
1226
1227
1228
1229
1233
1234
1235
1237
1239
1241
1242
1244
1245
1246
1247
1249
1250
1251
1252
1254
1255
1257
1261
1262
1263
1264
1265
1266
1268
1270
1273
1275
1278
1282
1283
1285
1288
1289
1290
1291
1292
1294
1295
1299
1300
1304
1305
1306
1311
1312
1313
1314
1316
1317
1318
1320
1325
1328
1329
1330
1333
1335
1336
1337
1338
1339
1340
1342
1347
1350
1351
1352
1353
1355
1361
1367
1369
1370
1371
1372
1374
1375
1377
1379
1382
1384
1386
1388
1389
1392
1394
1395
1398
1399
1402
1406
1408
1410
1413
1414
1415
1417
1418
1419
1422
1424
1425
1427
1428
1431
1432
1434
1435
1438
1439
1440
1441
1444
1447
1450
1451
1454
1459
1463
1464
1465
1466
1468
1469
1471
1473
1476
1480
1481
1482
1485
1488
1490
1492
1500
1502
1503
1504
1505
1507
1508
1509
1510
1513
1514
1517
1518
1520
1522
1524
1525
1526
1533
1536
1540
1541
1543
1547
1548
1549
1550
1551
1553
1556
1558
1561
1563
1566
1573
1574
1575
1576
1577
1578
1579
1582
1584
1585
1586
1587
1588
1590
1591
1594
1595
1596
1597
1598
1599
1600
1601
1602
1603
1610
1612
1615
1616
1617
1618
1621
1623
1624
1627
1628
1633
1634
1635
1638
1640
1642
1643
1647
1649
1650
1654
1655
1657
1660
1662
1664
1665
1671
1674
1679
1681
1685
1688
1689
1690
1691
1693
1694
1695
1697
1698
1699
1700
1702
1704
1705
1706
1707
1709
1713
1714
1715
1717
1719
1721
1724
1727
1732
1734
1737
1739
1740
1741
1746
1748
1754
1755
1757
1758
1759
1760
1763
1765
1766
1767
1769
1771
1772
1776
1777
1779
1781
1782
1784
1785
1789
1790
1794
1797
1798
1802
1803
1805
1806
1807
1810
1811
1813
1814
1815
1816
1818
1819
1820
1821
1822
1823
1824
1826
1827
1831
1833
1834
1835
1839
1842
1844
1848
1849
1850
1851
1854
1855
1858
1861
1867
1868
1869
1871
1872
1874
1875
1876
1877
1878
1880
1881
1883
1884
1885
1887
1892
1895
1897
1899
1900
1901
1902
1903
1906
1907
1908
1910
1912
1913
1915
1916
1919
1921
1923
1925
1927
1928
1930
1931
1932
1934
1936
1937
1939
1940
1942
1943
1944
1948
1949
1950
1952
1953
1957
1959
1960
1961
1964
1965
1966
1967
1974
1975
1976
1979
1980
1985
1989
1990
1991
1995
1996
2000
2006
2009
2014
2015
2017
2019
2021
2022
2025
2026
2029
2030
2031
2036
2037
2038
2041
2043
2045
2046
2048
2051
2053
2054
2056
2057
2059
2061
2063
2064
2067
2068
2070
2072
2073
2074
2075
2076
2077
2078
2082
2083
2084
2089
2090
2091
2098
2099
2100
2102
2103
2104
2105
2106
2111
2112
2114
2117
2118
2119
2128
2129
2130
2131
2132
2133
2134
2135
2136
2138
2139
2141
2142
2143
2144
2146
2148
2149
2150
2151
2154
2157
2158
2159
2160
2161
2163
2165
2171
2172
2179
2180
2185
2187
2188
2189
2193
2195
2196
2197
2198
2203
2204
2209
2210
2211
2214
2220
2221
2222
2223
2226
2228
2229
2233
2234
2236
2237
2239
2241
2242
2243
2246
2247
2249
2251
2252
2254
2255
2256
2258
2259
2263
2265
2267
2268
2269
2270
2273
2275
2276
2277
2279
2280
2282
2286
2288
2289
2290
2291
2292
2293
2294
2295
2298
2300
2302
2303
2306
2307
2309
2310
2311
2315
2317
2318
2320
2323
2327
2331
2333
2335
2336
2337
2338
2339
2340
2341
2342
2343
2347
2349
2353
2357
2362
2363
2364
2365
2366
2367
2368
2369
2370
2374
2375
2376
2382
2383
2385
2387
2388
2393
2394
2395
2399
2401
2402
2403
2404
2405
2406
2407
2409
2411
2412
2415
2417
2419
2422
2424
2425
2428
2431
2433
2434
2440
2442
2444
2446
2447
2448
2450
2451
2454
2455
2458
2459
2460
2461
2465
2468
2469
2470
2478
2479
2481
2482
2485
2488
2489
2490
2491
2496
2497
2499
2502
2506
2507
2510
2513
2514
2515
2516
2517
2520
2521
2522
2527
2528
2529
2530
2531
2532
2534
2535
2537
2538
2539
2540
2541
2543
2546
2547
2548
2549
2555
2557
2560
2562
2563
2565
2569
2571
2572
2574
2576
2578
2580
2583
2587
2589
2591
2592
2593
2596
2597
2599
2600
2601
2604
2606
2607
2608
2609
2612
2613
2614
2619
2620
2621
2623
2624
2627
2632
2635
2637
2639
2640
2641
2643
2648
2653
2654
2655
2656
2658
2659
2664
2666
2668
2670
2671
2673
2674
2675
2677
2683
2689
2694
2697
2701
2703
2704
2705
2706
2707
2708
2710
2711
2712
2713
2715
2718
2719
2722
2724
2725
2727
2729
2731
2732
2734
2735
2737
2738
2739
2743
2744
2747
2749
2750
2752
2758
2761
2762
2763
2765
2768
2772
2776
2777
2778
2781
2782
2783
2785
2786
2787
2791
2792
2793
2794
2796
2797
2798
2799
2800
2803
2805
2806
2808
2810
2813
2814
2819
2822
2824
2826
2831
2832
2833
2834
2835
2837
2838
2843
2845
2846
2848
2850
2851
2855
2857
2859
2861
2863
2867
2869
2870
2873
2874
2875
2879
2882
2883
2884
2885
2886
2887
2889
2890
2892
2893
2894
2898
2900
2904
2906
2907
2908
2910
2912
2914
2915
2916
2917
2918
2919
2925
2928
2929
2932
2933
2934
2936
2942
2943
2944
2945
2948
2950
2952
2953
2954
2955
2958
2960
2964
2965
2966
2967
2969
2970
2971
2973
2975
2978
2979
2984
2985
2986
2987
2989
2990
2991
2993
2995
2997
2998
2999
3001
3003
3004
3007
3008
3009
3011
3013
3015
3018
3020
3022
3026
3028
3029
3031
3032
3033
3034
3035
3036
3040
3041
3048
3051
3052
3054
3056
3058
3060
3061
3062
3063
3066
3070
3072
3076
3078
3080
3083
3089
3090
3091
3093
3095
3097
3099
3102
3105
3110
3113
3114
3120
3121
3123
3126
3128
3135
3137
3138
3142
3144
3145
3147
3149
3150
3151
3152
3153
3158
3165
3168
3170
3171
3172
3173
3180
3181
3182
3184
3185
3188
3190
3191
3194
3198
3199
3201
3203
3205
3206
3208
3210
3212
3214
3215
3216
3219
3220
3225
3226
3227
3228
3233
3235
3236
3237
3238
3240
3244
3248
3253
3254
3255
3256
3257
3258
3259
3261
3263
3266
3267
3268
3271
3274
3278
3279
3282
3283
3285
3287
3289
3292
3294
3295
3297
3298
3304
3306
3310
3311
3313
3314
3315
3316
3320
3322
3323
3325
3328
3330
3337
3338
3341
3342
3344
3346
3347
3349
3350
3351
3352
3354
3355
3357
3358
3359
3360
3362
3363
3368
3369
3372
3378
3379
3380
3381
3383
3389
3390
3391
3392
3394
3398
3399
3400
3402
3408
3409
3410
3411
3412
3417
3419
3420
3421
3423
3424
3426
3427
3428
3429
3430
3431
3434
3435
3437
3440
3441
3442
3444
3446
3449
3451
3453
3454
3455
3456
3457
3460
3461
3463
3464
3465
3475
3476
3481
3489
3491
3492
3496
3497
3499
3501
3503
3510
3511
3513
3516
3517
3520
3522
3523
3527
3528
3529
3531
3534
3535
3536
3537
3541
3542
3543
3545
3548
3550
3552
3553
3554
3555
3556
3559
3560
3563
3565
3568
3569
3570
3573
3574
3575
3576
3577
3578
3579
3580
3584
3585
3586
3587
3590
3591
3592
3593
3595
3597
3600
3603
3604
3606
3607
3608
3609
3610
3612
3614
3615
3618
3621
3622
3623
3624
3626
3635
3637
3640
3641
3645
3646
3650
3651
3653
3654
3658
3660
3662
3664
3666
3667
3668
3678
3680
3685
3691
3692
3695
3699
3700
3701
3702
3704
3706
3707
3709
3710
3711
3716
3719
3720
3723
3724
3730
3732
3735
3736
3737
3739
3741
3742
3743
3744
3746
3747
3748
3749
3753
3754
3756
3757
3758
3760
3762
3763
3764
3769
3770
3772
3773
3776
3780
3782
3783
3786
3787
3794
3795
3798
3799
3801
3802
3803
3806
3809
3813
3814
3815
3818
3819
3822
3825
3826
3828
3832
3833
3834
3836
3838
3839
3841
3844
3845
3846
3848
3849
3850
3852
3853
3854
3855
3856
3857
3859
3862
3865
3866
3867
3869
3871
3873
3874
3875
3876
3877
3878
3879
3883
3884
3885
3886
3887
3889
3890
3894
3895
3896
3898
3899
3901
3902
3904
3905
3908
3910
3916
3917
3918
3919
3920
3921
3922
3924
3926
3928
3929
3931
3934
3935
3936
3938
3939
3942
3945
3947
3948
3949
3950
3951
3954
3957
3958
3962
3963
3965
3966
3967
3968
3970
3971
3973
3977
3979
3981
3982
3990
3993
3994
3997
4000
4008
4013
4014
4015
4017
4018
4020
4026
4032
4034
4035
4036
4037
4038
4039
4041
4042
4043
4046
4048
4051
4052
4054
4055
4057
4059
4060
4061
4063
4064
4065
4066
4071
4074
4075
4079
4082
4084
4085
4087
4091
4092
4093
4097
4098
4100
4103
4104
4106
4108
4109
4110
4111
4114
4116
4117
4119
4122
4123
4125
4127
4128
4130
4131
4136
4137
4138
4141
4142
4143
4144
4145
4146
4150
4151
4153
4155
4156
4158
4159
4161
4163
4167
4170
4171
4174
4177
4178
4179
4180
4181
4182
4183
4184
4185
4186
4191
4195
4196
4199
4201
4202
4207
4208
4209
4210
4211
4214
4215
4216
4217
4220
4221
4223
4225
4226
4227
4228
4229
4231
4232
4234
4238
4239
4241
4242
4243
4244
4247
4250
4252
4257
4258
4260
4262
4265
4266
4267
4268
4269
4275
4277
4278
4279
4280
4283
4284
4286
4287
4289
4290
4293
4295
4296
4297
4298
4299
4301
4302
4303
4304
4305
4308
4309
4310
4311
4312
4313
4315
4316
4317
4320
4323
4324
4325
4326
4329
4331
4332
4334
4337
4338
4339
4341
4344
4346
4348
4350
4352
4354
4355
4357
4358
4361
4363
4366
4368
4369
4371
4373
4374
4378
4379
4380
4382
4387
4390
4392
4394
4395
4396
4398
4408
4409
4412
4413
4416
4418
4420
4421
4422
4428
4429
4432
4434
4435
4436
4437
4439
4441
4442
4443
4446
4447
4450
4451
4455
4456
4458
4459
4461
4462
4463
4464
4467
4471
4472
4473
4474
4477
4479
4480
4481
4482
4484
4485
4489
4490
4491
4492
4497
4498
4499
4500
4501
4503
4504
4505
4507
4510
4511
4512
4518
4519
4520
4522
4525
4526
4528
4530
4531
4535
4536
4537
4538
4540
4543
4545
4549
4550
4551
4554
4555
4557
4558
4559
4560
4564
4566
4568
4569
4572
4579
4581
4582
4584
4586
4588
4590
4592
4594
4596
4597
4605
4607
4609
4611
4612
4614
4616
4625
4626
4631
4633
4637
4638
4639
4641
4643
4644
4645
4646
4647
4650
4651
4653
4654
4655
4656
4657
4659
4660
4661
4663
4666
4667
4670
4673
4674
4676
4680
4681
4682
4683
4685
4686
4688
4695
4697
4698
4702
4703
4707
4708
4711
4713
4714
4715
4716
4717
4718
4720
4723
4724
4730
4731
4732
4733
4735
4736
4737
4738
4739
4743
4744
4746
4752
4757
4759
4761
4763
4765
4767
4768
4769
4774
4776
4778
4779
4780
4781
4782
4786
4789
4790
4791
4793
4794
4795
4796
4797
4799
4800
4801
4803
4804
4808
4809
4816
4819
4823
4824
4825
4826
4827
4828
4830
4831
4832
4836
4837
4839
4840
4844
4845
4849
4850
4853
4858
4860
4861
4863
4864
4867
4870
4871
4873
4875
4879
4881
4886
4887
4888
4889
4890
4891
4892
4894
4895
4900
4901
4902
4903
4906
4907
4908
4909
4910
4911
4913
4914
4915
4918
4919
4920
4921
4922
4923
4925
4926
4927
4930
4931
4939
4940
4941
4942
4943
4948
4949
4951
4952
4953
4954
4955
4956
4959
4960
4962
4963
4966
4967
4971
4974
4975
4978
4980
4981
4982
4985
4986
4990
4992
4994
4995
4997
4998
5000
5001
5003
5005
5007
5008
5009
5011
5014
5016
5018
5020
5021
5026
5028
5029
5030
5031
5033
5036
5037
5038
5041
5042
5043
5045
5046
5047
5049
5051
5052
5055
5059
5060
5062
5063
5064
5066
5067
5072
5075
5077
5078
5079
5082
5083
5084
5086
5087
5088
5091
5094
5096
5098
5099
5100
5101
5102
5103
5105
5106
5107
5111
5112
5113
5114
5119
5123
5130
5133
5134
5135
5138
5139
5142
5146
5148
5149
5155
5157
5160
5161
5162
5163
5166
5173
5174
5178
5180
5182
5183
5184
5187
5188
5189
5191
5192
5194
5195
5196
5199
5200
5204
5207
5208
5209
5213
5214
5216
5219
5221
5222
5223
5225
5226
5228
5229
5231
5233
5235
5236
5238
5239
5240
5243
5244
5245
5249
5250
5251
5252
5254
5256
5263
5264
5265
5267
5268
5269
5271
5279
5281
5283
5284
5285
5286
5287
5289
5290
5294
5299
5300
5302
5304
5307
5308
5309
5312
5313
5314
5317
5318
5320
5323
5325
5326
5327
5334
5336
5338
5340
5343
5345
5350
5352
5353
5360
5366
5367
5368
5369
5370
5375
5377
5379
5380
5382
5383
5384
5385
5386
5387
5389
5390
5391
5392
5393
5397
5398
5401
5402
5403
5404
5405
5406
5409
5410
5415
5418
5421
5423
5424
5425
5426
5427
5428
5432
5433
5434
5436
5437
5438
5439
5440
5441
5443
5444
5445
5446
5447
5449
5451
5452
5455
5456
5457
5464
5467
5468
5474
5475
5476
5482
5483
5484
5485
5486
5488
5491
5492
5493
5494
5495
5496
5498
5503
5504
5505
5506
5508
5510
5512
5513
5514
5515
5516
5517
5519
5520
5521
5522
5524
5528
5529
5530
5531
5534
5539
5540
5542
5545
5549
5555
5556
5557
5558
5560
5562
5563
5565
5568
5570
5571
5572
5576
5578
5580
5581
5582
5585
5587
5588
5589
5590
5591
5595
5598
5600
5603
5605
5606
5608
5609
5611
5613
5616
5617
5618
5619
5621
5622
5624
5625
5626
5628
5630
5631
5632
5634
5637
5641
5644
5645
5646
5647
5648
5649
5651
5653
5656
5657
5658
5659
5660
5661
5664
5667
5668
5671
5673
5677
5678
5679
5681
5683
5685
5686
5687
5688
5692
5697
5699
5700
5702
5709
5710
5711
5714
5719
5721
5722
5725
5726
5727
5728
5732
5733
5736
5738
5743
5744
5745
5746
5747
5748
5749
5750
5751
5753
5755
5758
5759
5762
5765
5767
5768
5770
5771
5773
5775
5776
5778
5780
5781
5784
5787
5788
5790
5791
5794
5795
5796
5797
5798
5799
5800
5802
5803
5807
5812
5813
5814
5817
5818
5819
5821
5822
5823
5826
5829
5831
5833
5835
5836
5837
5838
5842
5843
5844
5845
5846
5847
5848
5849
5850
5851
5854
5855
5856
5859
5866
5870
5871
5873
5874
5875
5876
5877
5878
5879
5881
5886
5888
5889
5894
5895
5896
5898
5899
5900
5902
5903
5906
5907
5909
5911
5913
5914
5916
5917
5918
5920
5921
5922
5925
5926
5929
5930
5932
5934
5936
5939
5941
5948
5951
5953
5954
5955
5956
5957
5958
5959
5961
5962
5963
5964
5965
5966
5969
5970
5972
5975
5976
5977
5980
5981
5982
5985
5989
5993
5994
5998
5999
6000
6003
6004
6005
6009
6010
6011
6012
6014
6016
6018
6019
6020
6021
6022
6023
6027
6031
6033
6034
6035
6036
6037
6038
6040
6041
6045
6048
6049
6053
6054
6055
6057
6058
6062
6065
6068
6070
6073
6074
6080
6081
6083
6085
6086
6087
6088
6093
6094
6096
6097
6098
6099
6100
6102
6103
6106
6107
6113
6114
6115
6119
6124
6125
6127
6128
6132
6135
6137
6139
6141
6144
6145
6146
6149
6150
6151
6152
6153
6154
6156
6158
6160
6164
6165
6166
6169
6171
6172
6173
6174
6175
6177
6179
6181
6182
6183
6185
6187
6190
6191
6193
6194
6198
6199
6200
6201
6204
6205
6206
6207
6208
6211
6218
6220
6222
6226
6229
6232
6235
6236
6238
6239
6240
6241
6243
6246
6249
6251
6252
6253
6256
6257
6258
6259
6262
6265
6266
6269
6270
6271
6272
6273
6276
6277
6278
6279
6283
6284
6286
6288
6291
6292
6293
6294
6295
6299
6300
6301
6302
6305
6308
6310
6312
6313
6314
6324
6326
6328
6332
6335
6339
6340
6342
6343
6346
6347
6348
6350
6353
6358
6361
6362
6363
6364
6366
6371
6375
6376
6378
6379
6380
6381
6382
6383
6384
6385
6386
6392
6393
6394
6395
6398
6401
6405
6409
6410
6415
6419
6422
6423
6425
6426
6429
6431
6434
6435
6438
6440
6443
6444
6445
6448
6449
6450
6455
6456
6457
6459
6460
6462
6467
6470
6471
6472
6474
6475
6476
6477
6478
6479
6480
6481
6485
6493
6494
6495
6500
6502
6503
6504
6505
6506
6507
6510
6511
6513
6516
6517
6519
6524
6525
6528
6530
6531
6533
6534
6536
6537
6540
6543
6544
6548
6551
6553
6560
6563
6564
6566
6567
6569
6571
6572
6573
6574
6576
6581
6582
6584
6590
6591
6593
6594
6602
6604
6605
6609
6610
6612
6615
6620
6621
6622
6625
6626
6629
6631
6632
6633
6635
6636
6637
6639
6641
6643
6645
6647
6650
6651
6652
6653
6654
6655
6656
6658
6663
6664
6665
6666
6667
6669
6671
6672
6673
6674
6675
6677
6678
6680
6681
6682
6683
6684
6685
6691
6693
6699
6701
6703
6704
6707
6709
6710
6711
6714
6715
6716
6717
6718
6722
6724
6725
6728
6736
6739
6747
6749
6750
6753
6755
6756
6757
6758
6761
6764
6766
6767
6769
6770
6771
6772
6776
6781
6782
6788
6789
6790
6791
6792
6793
6796
6801
6804
6805
6806
6810
6811
6812
6815
6819
6821
6825
6826
6832
6834
6836
6838
6839
6840
6843
6846
6852
6854
6857
6858
6859
6860
6861
6862
6864
6868
6869
6872
6873
6879
6881
6882
6884
6885
6886
6887
6890
6891
6896
6899
6902
6903
6904
6907
6911
6913
6921
6922
6927
6928
6929
6930
6932
6933
6935
6940
6941
6945
6947
6948
6950
6951
6955
6959
6963
6966
6967
6969
6972
6973
6978
6979
6980
6982
6983
6985
6987
6990
6991
6994
6995
6996
6997
7000
7001
7004
7009
7010
7011
7013
7014
7017
7018
7020
7021
7023
7024
7029
7031
7032
7033
7034
7039
7040
7043
7046
7048
7050
7061
7062
7065
7069
7070
7073
7074
7077
7080
7083
7084
7087
7088
7089
7094
7096
7097
7099
7101
7102
7105
7106
7109
7113
7115
7116
7117
7118
7119
7124
7127
7131
7132
7133
7136
7137
7138
7139
7140
7141
7142
7143
7146
7147
7148
7150
7153
7155
7156
7158
7159
7161
7162
7165
7167
7168
7170
7172
7177
7179
7180
7181
7183
7184
7185
7187
7188
7190
7192
7196
7197
7202
7204
7207
7209
7212
7213
7214
7215
7216
7217
7219
7223
7226
7230
7231
7232
7235
7236
7237
7239
7240
7242
7243
7244
7245
7246
7247
7248
7249
7250
7251
7252
7254
7255
7257
7260
7263
7264
7267
7268
7272
7273
7276
7277
7278
7280
7282
7284
7286
7288
7289
7292
7293
7294
7295
7298
7300
7302
7303
7305
7306
7309
7310
7318
7319
7320
7322
7323
7324
7325
7327
7328
7330
7332
7333
7335
7336
7338
7340
7343
7344
7345
7346
7351
7352
7356
7358
7361
7362
7363
7364
7366
7370
7372
7373
7375
7376
7378
7381
7384
7388
7393
7395
7400
7401
7402
7404
7406
7407
7413
7415
7417
7419
7420
7421
7422
7423
7424
7425
7426
7427
7429
7431
7433
7435
7436
7438
7442
7444
7446
7447
7448
7449
7451
7452
7454
7455
7458
7461
7462
7463
7466
7467
7468
7469
7470
7475
7479
7480
7481
7482
7485
7486
7487
7490
7493
7495
7497
7499
7503
7504
7506
7508
7510
7513
7514
7516
7520
7522
7523
7527
7531
7536
7541
7543
7548
7552
7553
7555
7557
7559
7560
7561
7563
7564
7565
7570
7572
7573
7575
7576
7577
7579
7581
7587
7589
7592
7594
7597
7601
7605
7606
7609
7615
7616
7617
7618
7619
7621
7622
7624
7626
7627
7628
7630
7631
7634
7638
7640
7641
7644
7647
7649
7650
7651
7653
7656
7657
7658
7661
7666
7668
7669
7673
7675
7677
7679
7680
7681
7683
7685
7686
7687
7688
7689
7690
7692
7694
7695
7696
7697
7698
7699
7700
7701
7703
7707
7708
7710
7711
7713
7714
7717
7719
7720
7721
7724
7725
7726
7729
7730
7731
7732
7733
7740
7741
7742
7743
7745
7747
7749
7750
7752
7754
7755
7759
7760
7761
7763
7768
7770
7771
7772
7774
7775
7777
7778
7779
7782
7786
7787
7790
7794
7795
7799
7802
7803
7804
7805
7808
7810
7813
7815
7817
7821
7823
7826
7828
7831
7832
7833
7834
7835
7839
7844
7849
7850
7852
7853
7854
7855
7856
7857
7858
7860
7864
7865
7873
7874
7875
7876
7881
7882
7883
7884
7887
7888
7889
7890
7893
7894
7897
7898
7899
7900
7902
7904
7905
7906
7909
7910
7911
7913
7916
7917
7918
7919
7920
7921
7929
7930
7931
7932
7937
7940
7943
7945
7947
7948
7952
7953
7958
7959
7960
7966
7969
7974
7977
7979
7980
7981
7982
7986
7987
7988
7993
7996
7997
7998
8004
8009
8012
8013
8015
8016
8018
8019
8021
8022
8023
8026
8028
8033
8034
8036
8037
8040
8041
8042
8045
8047
8051
8052
8055
8056
8059
8060
8062
8063
8065
8066
8067
8068
8069
8070
8071
8072
8073
8074
8076
8078
8082
8083
8085
8087
8090
8091
8092
8094
8095
8096
8097
8099
8100
8101
8103
8106
8107
8108
8110
8111
8112
8113
8119
8121
8123
8125
8126
8128
8130
8132
8133
8136
8137
8139
8140
8141
8142
8143
8147
8148
8151
8153
8154
8155
8156
8158
8159
8161
8162
8165
8167
8168
8169
8172
8175
8176
8180
8181
8183
8184
8185
8186
8187
8189
8190
8192
8193
8195
8198
8201
8203
8204
8205
8207
8209
8210
8211
8212
8213
8214
8215
8216
8217
8218
8219
8223
8224
8225
8227
8228
8229
8234
8236
8237
8238
8241
8243
8246
8247
8250
8253
8254
8256
8257
8259
8261
8262
8264
8265
8269
8271
8272
8275
8276
8282
8283
8287
8288
8290
8295
8297
8298
8300
8302
8304
8305
8309
8311
8312
8315
8316
8318
8319
8320
8322
8323
8326
8327
8329
8331
8335
8336
8337
8339
8342
8346
8349
8350
8351
8353
8355
8357
8358
8359
8360
8363
8364
8365
8366
8369
8370
8373
8374
8377
8378
8379
8380
8381
8383
8386
8387
8388
8391
8392
8394
8395
8399
8400
8402
8403
8404
8406
8408
8411
8412
8413
8417
8420
8421
8422
8423
8424
8425
8429
8430
8431
8433
8434
8435
8436
8437
8438
8439
8444
8445
8448
8449
8450
8451
8452
8457
8458
8460
8461
8464
8467
8471
8473
8475
8476
8481
8482
8483
8487
8488
8489
8491
8492
8494
8497
8498
8500
8502
8506
8511
8512
8513
8516
8520
8525
8526
8531
8534
8535
8539
8540
8543
8544
8545
8546
8547
8548
8549
8550
8552
8553
8554
8555
8557
8560
8562
8567
8568
8572
8573
8575
8578
8580
8581
8582
8587
8589
8591
8594
8599
8604
8606
8608
8609
8610
8612
8613
8618
8623
8624
8625
8626
8627
8630
8631
8635
8636
8640
8644
8645
8647
8649
8650
8659
8660
8662
8665
8666
8668
8669
8671
8672
8673
8675
8679
8680
8683
8685
8686
8691
8693
8697
8698
8700
8701
8702
8703
8705
8706
8709
8713
8714
8715
8717
8718
8720
8721
8724
8725
8727
8730
8731
8735
8736
8739
8741
8747
8748
8749
8750
8758
8761
8765
8766
8769
8770
8771
8772
8773
8775
8776
8777
8778
8781
8782
8784
8785
8786
8787
8788
8789
8791
8792
8794
8796
8797
8798
8799
8800
8801
8803
8806
8807
8809
8812
8813
8816
8819
8820
8824
8825
8826
8828
8833
8834
8835
8838
8841
8842
8844
8849
8852
8853
8854
8855
8857
8861
8862
8864
8865
8866
8868
8871
8872
8875
8878
8879
8881
8882
8884
8893
8895
8896
8898
8899
8901
8902
8903
8910
8912
8916
8918
8922
8923
8924
8925
8926
8927
8928
8931
8932
8933
8934
8935
8936
8937
8939
8940
8941
8942
8946
8949
8951
8953
8954
8958
8959
8962
8963
8964
8965
8966
8967
8968
8969
8970
8971
8981
8986
8989
8990
8996
8997
8998
9000
9002
9007
9008
9010
9011
9012
9013
9014
9015
9016
9017
9018
9019
9020
9022
9023
9024
9025
9027
9029
9030
9033
9034
9036
9037
9038
9039
9043
9046
9047
9048
9051
9053
9054
9055
9057
9058
9059
9061
9062
9063
9066
9068
9069
9070
9072
9075
9077
9079
9080
9081
9083
9088
9089
9090
9092
9094
9096
9098
9100
9102
9106
9107
9108
9109
9110
9112
9113
9114
9119
9120
9124
9125
9126
9127
9129
9130
9131
9133
9135
9136
9138
9139
9140
9141
9142
9143
9144
9145
9147
9149
9151
9154
9156
9158
9159
9160
9161
9163
9164
9165
9168
9169
9170
9171
9172
9174
9175
9176
9179
9182
9184
9186
9190
9192
9193
9194
9195
9196
9197
9198
9199
9202
9203
9207
9208
9209
9211
9212
9219
9222
9223
9224
9225
9226
9228
9229
9231
9233
9235
9236
9238
9240
9242
9243
9245
9251
9254
9255
9256
9257
9258
9259
9260
9263
9267
9269
9275
9276
9280
9281
9285
9289
9291
9293
9295
9296
9299
9300
9301
9303
9304
9306
9307
9308
9309
9310
9311
9313
9315
9316
9317
9319
9321
9322
9332
9333
9334
9336
9337
9339
9340
9341
9344
9346
9349
9354
9355
9356
9358
9359
9360
9361
9362
9363
9365
9368
9371
9372
9373
9374
9377
9379
9380
9381
9383
9384
9385
9390
9391
9392
9395
9401
9402
9404
9405
9406
9407
9410
9411
9412
9413
9414
9415
9417
9418
9424
9426
9428
9430
9431
9432
9433
9435
9436
9437
9440
9441
9443
9446
9448
9449
9450
9452
9453
9454
9456
9457
9463
9464
9465
9471
9475
9480
9483
9484
9486
9489
9490
9491
9492
9493
9494
9496
9498
9499
9500
9508
9509
9510
9512
9513
9514
9515
9516
9517
9518
9519
9520
9528
9529
9530
9531
9533
9535
9536
9537
9538
9541
9542
9543
9544
9546
9548
9549
9555
9557
9563
9566
9568
9571
9572
9575
9578
9579
9580
9583
9584
9587
9589
9590
9593
9594
9597
9598
9600
9601
9604
9605
9606
9608
9611
9612
9615
9616
9619
9620
9625
9627
9628
9633
9634
9637
9641
9644
9645
9646
9647
9648
9649
9650
9652
9653
9654
9655
9657
9659
9660
9663
9664
9665
9666
9670
9672
9673
9674
9675
9676
9679
9680
9682
9683
9689
9690
9691
9692
9694
9699
9702
9709
9711
9713
9714
9716
9719
9720
9721
9722
9723
9724
9726
9727
9731
9738
9739
9741
9744
9745
9746
9748
9749
9750
9752
9754
9758
9759
9763
9764
9765
9766
9767
9768
9769
9770
9771
9772
9773
9774
9776
9778
9779
9781
9785
9787
9788
9789
9790
9791
9792
9793
9794
9795
9796
9799
9805
9806
9807
9808
9810
9811
9812
9813
9814
9817
9818
9819
9821
9822
9823
9824
9827
9828
9830
9831
9833
9835
9836
9837
9838
9839
9841
9843
9846
9848
9849
9851
9853
9855
9862
9863
9865
9866
9869
9870
9871
9872
9873
9876
9877
9878
9883
9884
9885
9886
9887
9889
9890
9891
9894
9896
9898
9899
9900
9902
9903
9904
9905
9906
9907
9909
9911
9912
9918
9919
9921
9922
9923
9925
9926
9928
9929
9933
9934
9935
9937
9940
9943
9944
9946
9948
9949
9951
9954
9956
9957
9958
9959
9960
9965
9969
9971
9974
9978
9980
9984
9987
9988
9991
9992
9993
9997
9999
10000
10003
10004
10005
10006
10008
10009
10010
10011
10012
10014
10015
10016
10019
10021
10022
10023
10026
10028
10030
10033
10034
10035
10036
10037
10038
10039
10042
10043
10048
10050
10054
10058
10062
10063
10064
10066
10068
10069
10070
10071
10073
10074
10075
10080
10082
10083
10084
10087
10090
10094
10095
10100
10103
10105
10109
10110
10111
10115
10116
10118
10119
10121
10125
10126
10128
10130
10131
10133
10134
10135
10136
10139
10140
10141
10144
10145
10147
10149
10153
10155
10156
10158
10159
10161
10164
10169
10171
10173
10174
10175
10180
10181
10184
10186
10187
10189
10190
10193
10194
10195
10196
10197
10200
10201
10203
10204
10205
10207
10208
10209
10215
10216
10217
10219
10223
10224
10227
10230
10231
10234
10235
10236
10237
10238
10241
10242
10243
10245
10246
10252
10253
10255
10257
10258
10259
10261
10262
10263
10264
10265
10266
10267
10268
10269
10270
10271
10272
10273
10275
10277
10278
10279
10280
10282
10283
10284
10286
10287
10288
10289
10291
10293
10294
10298
10299
10302
10303
10307
10310
10311
10312
10316
10317
10318
10319
10323
10324
10325
10327
10328
10331
10333
10334
10335
10336
10338
10339
10340
10341
10342
10343
10345
10348
10349
10350
10351
10352
10353
10356
10357
10359
10361
10362
10364
10368
10369
10371
10372
10375
10376
10378
10379
10381
10383
10384
10385
10390
10392
10394
10399
10401
10403
10405
10407
10409
10410
10411
10412
10413
10416
10418
10419
10422
10423
10425
10428
10431
10433
10436
10437
10439
10441
10442
10443
10444
10446
10449
10450
10452
10453
10454
10455
10456
10462
10463
10464
10467
10468
10470
10471
10473
10474
10475
10477
10479
10480
10483
10484
10488
10493
10494
10497
10500
10501
10504
10505
10506
10507
10508
10509
10510
10511
10513
10518
10521
10522
10524
10526
10527
10533
10534
10536
10538
10539
10542
10543
10547
10550
10552
10554
10557
10560
10561
10564
10565
10568
10569
10571
10572
10574
10575
10576
10579
10580
10581
10584
10592
10594
10595
10596
10597
10598
10599
10600
10602
10603
10604
10605
10607
10608
10610
10613
10614
10615
10616
10618
10620
10621
10625
10626
10629
10630
10633
10634
10636
10638
10640
10642
10643
10648
10650
10653
10654
10655
10660
10661
10662
10663
10665
10670
10672
10673
10674
10675
10676
10677
10679
10683
10684
10686
10687
10688
10689
10691
10692
10694
10698
10699
10700
10701
10702
10703
10704
10706
10707
10709
10710
10714
10715
10719
10720
10722
10723
10725
10731
10732
10733
10734
10737
10741
10742
10744
10745
10746
10748
10752
10753
10754
10757
10758
10761
10763
10764
10765
10766
10767
10770
10771
10772
10774
10775
10776
10777
10778
10781
10783
10785
10790
10791
10792
10793
10794
10797
10798
10801
10803
10804
10807
10808
10809
10811
10812
10814
10815
10817
10818
10821
10822
10824
10827
10828
10832
10833
10834
10835
10837
10838
10841
10842
10843
10848
10849
10850
10851
10853
10854
10859
10860
10862
10863
10866
10868
10870
10871
10872
10873
10874
10875
10877
10878
10879
10880
10881
10882
10884
10888
10889
10893
10896
10897
10898
10900
10903
10907
10908
10909
10910
10912
10915
10917
10920
10921
10923
10924
10925
10926
10927
10928
10929
10930
10932
10935
10936
10938
10939
10940
10942
10943
10944
10945
10947
10948
10953
10956
10959
10961
10965
10966
10967
10968
10969
10971
10972
10978
10979
10980
10981
10982
10983
10985
10986
10991
10993
10994
10996
11001
11004
11008
11009
11010
11011
11013
11018
11021
11022
11023
11024
11025
11027
11029
11032
11034
11035
11036
11041
11044
11045
11046
11048
11049
11052
11053
11054
11055
11056
11057
11058
11059
11061
11062
11063
11069
11070
11072
11073
11076
11077
11079
11080
11081
11083
11086
11087
11088
11089
11091
11095
11097
11101
11104
11108
11109
11110
11111
11112
11113
11116
11118
11119
11121
11122
11123
11125
11126
11127
11129
11135
11136
11137
11142
11145
11146
11149
11150
11152
11153
11154
11155
11157
11158
11160
11161
11162
11163
11164
11165
11167
11168
11169
11172
11174
11175
11176
11178
11179
11180
11185
11187
11190
11191
11192
11195
11197
11199
11200
11204
11205
11210
11211
11212
11213
11214
11215
11216
11217
11218
11219
11221
11222
11223
11224
11228
11229
11230
11232
11233
11234
11235
11237
11239
11244
11247
11250
11251
11255
11258
11259
11260
11261
11262
11265
11267
11268
11269
11270
11271
11274
11277
11278
11279
11281
11284
11285
11289
11290
11291
11292
11293
11294
11295
11296
11297
11298
11299
11300
11301
11303
11304
11306
11307
11308
11309
11311
11312
11313
11314
11315
11318
11320
11321
11323
11324
11325
11326
11329
11331
11333
11335
11336
11337
11339
11340
11341
11342
11343
11344
11345
11347
11352
11353
11354
11356
11357
11358
11359
11361
11362
11363
11364
11365
11367
11369
11371
11372
11374
11376
11379
11382
11385
11386
11390
11391
11392
11393
11395
11397
11398
11405
11407
11408
11410
11411
11412
11414
11416
11417
11423
11424
11426
11430
11431
11432
11433
11434
11435
11437
11438
11439
11440
11445
11446
11447
11449
11452
11453
11454
11457
11458
11459
11461
11462
11463
11466
11471
11472
11474
11477
11478
11479
11481
11482
11485
11486
11489
11490
11491
11493
11494
11495
11499
11500
11501
11502
11503
11505
11506
11507
11508
11509
11511
11514
11515
11517
11519
11523
11524
11525
11528
11535
11537
11540
11541
11544
11546
11548
11551
11552
11553
11554
11555
11559
11560
11562
11563
11566
11567
11568
11573
11574
11577
11578
11580
11581
11582
11584
11586
11587
11591
11595
11601
11602
11604
11607
11608
11609
11611
11612
11614
11619
11620
11621
11623
11627
11628
11633
11634
11635
11638
11639
11641
11643
11647
11648
11649
11651
11656
11657
11659
11660
11662
11663
11665
11673
11674
11677
11681
11682
11683
11684
11685
11686
11689
11692
11693
11694
11695
11697
11699
11700
11701
11702
11703
11705
11708
11713
11714
11717
11719
11720
11723
11725
11726
11727
11729
11730
11732
11733
11736
11738
11739
11741
11742
11743
11746
11748
11749
11750
11752
11754
11757
11758
11760
11761
11763
11766
11767
11769
11770
11776
11777
11779
11781
11783
11784
11785
11787
11788
11792
11799
11806
11807
11808
11812
11815
11816
11817
11818
11820
11821
11824
11827
11829
11832
11833
11836
11837
11840
11843
11844
11845
11847
11849
11850
11852
11854
11856
11857
11858
11859
11860
11861
11865
11868
11870
11871
11873
11874
11878
11886
11894
11895
11896
11897
11900
11901
11903
11904
11905
11907
11911
11913
11915
11917
11920
11922
11923
11925
11927
11928
11929
11930
11931
11938
11941
11945
11946
11948
11950
11952
11954
11955
11956
11957
11958
11960
11963
11964
11965
11968
11971
11972
11973
11974
11975
11976
11977
11982
11986
11990
11991
11992
11994
11995
11998
12001
12002
12003
12006
12007
12008
12009
12010
12012
12013
12016
12018
12020
12022
12023
12025
12026
12027
12029
12030
12031
12033
12035
12036
12038
12042
12044
12045
12046
12049
12050
12052
12053
12054
12059
12060
12061
12064
12065
12067
12068
12075
12080
12084
12085
12089
12090
12091
12092
12094
12100
12101
12102
12104
12105
12107
12108
12111
12112
12114
12115
12117
12121
12122
12123
12125
12126
12127
12128
12129
12131
12132
12137
12138
12139
12140
12143
12144
12145
12146
12151
12154
12155
12156
12157
12160
12162
12163
12165
12167
12170
12171
12175
12178
12186
12188
12189
12193
12194
12195
12198
12199
12203
12206
12209
12210
12215
12216
12219
12223
12225
12226
12230
12231
12232
12233
12236
12238
12242
12243
12245
12246
12247
12249
12250
12253
12255
12258
12273
12275
12276
12277
12279
12281
12282
12283
12285
12287
12289
12290
12293
12294
12295
12298
12299
12301
12302
12306
12311
12312
12314
12315
12316
12320
12321
12322
12327
12330
12331
12333
12338
12343
12345
12346
12348
12349
12352
12354
12355
12357
12359
12360
12363
12365
12366
12367
12369
12371
12372
12375
12376
12382
12387
12388
12389
12392
12393
12394
12395
12396
12397
12398
12401
12402
12403
12404
12409
12410
12411
12412
12415
12416
12418
12419
12422
12423
12425
12426
12427
12428
12429
12430
12432
12433
12434
12435
12436
12437
12438
12441
12442
12443
12445
12447
12450
12452
12453
12455
12456
12459
12460
12461
12467
12468
12470
12471
12472
12474
12475
12476
12477
12478
12479
12481
12485
12487
12489
12490
12493
12495
12496
12497
12499
12503
12505
12506
12510
12511
12515
12516
12519
12522
12526
12527
12528
12530
12534
12537
12541
12542
12543
12544
12545
12548
12549
12551
12552
12553
12556
12557
12561
12562
12563
12564
12566
12568
12575
12577
12579
12580
12581
12582
12584
12585
12587
12588
12589
12591
12595
12596
12597
12598
12600
12601
12604
12605
12607
12609
12610
12611
12612
12613
12615
12616
12619
12621
12622
12624
12626
12629
12630
12631
12636
12637
12638
12641
12642
12643
12644
12645
12648
12649
12650
12651
12653
12655
12656
12657
12661
12662
12663
12671
12674
12677
12678
12679
12680
12681
12682
12684
12690
12692
12693
12701
12703
12706
12707
12708
12709
12710
12714
12715
12717
12719
12720
12722
12727
12729
12731
12732
12733
12735
12736
12739
12740
12741
12743
12744
12746
12750
12751
12753
12756
12757
12761
12762
12763
12766
12767
12768
12769
12771
12774
12775
12776
12778
12779
12780
12786
12790
12791
12794
12796
12797
12798
12800
12803
12804
12807
12808
12809
12815
12817
12820
12822
12823
12829
12831
12835
12836
12837
12838
12841
12845
12847
12848
12849
12850
12853
12855
12857
12858
12863
12864
12866
12868
12869
12874
12877
12880
12881
12883
12884
12885
12887
12888
12889
12890
12891
12892
12895
12899
12903
12905
12907
12909
12917
12918
12921
12925
12926
12928
12929
12930
12935
12938
12939
12940
12941
12943
12944
12945
12946
12947
12950
12951
12952
12953
12955
12957
12960
12963
12964
12965
12967
12970
12973
12974
12975
12980
12982
12984
12985
12987
12988
12989
12994
12997
12998
13000
13001
13004
13005
13008
13009
13010
13012
13013
13014
13015
13016
13017
13018
13020
13023
13025
13026
13027
13032
13035
13037
13039
13042
13043
13044
13045
13047
13048
13050
13053
13054
13055
13056
13057
13058
13060
13061
13063
13067
13069
13071
13075
13077
13078
13079
13080
13083
13086
13088
13089
13091
13094
13097
13098
13099
13100
13102
13105
13106
13107
13109
13111
13112
13113
13114
13115
13116
13118
13120
13123
13125
13127
13128
13133
13138
13141
13142
13143
13146
13147
13151
13153
13154
13155
13161
13162
13163
13164
13165
13172
13173
13174
13176
13177
13180
13181
13183
13186
13189
13190
13194
13195
13196
13198
13201
13203
13204
13205
13206
13210
13211
13217
13220
13221
13224
13225
13226
13227
13230
13231
13233
13235
13237
13239
13240
13241
13244
13245
13247
13249
13251
13252
13253
13255
13257
13258
13260
13261
13262
13264
13265
13266
13267
13270
13272
13273
13274
13277
13278
13280
13283
13284
13285
13287
13289
13290
13291
13294
13296
13298
13299
13300
13301
13305
13307
13310
13311
13312
13313
13314
13319
13320
13321
13325
13328
13331
13333
13334
13335
13337
13339
13342
13347
13349
13351
13354
13355
13357
13360
13361
13363
13365
13371
13375
13376
13377
13379
13381
13384
13386
13388
13389
13390
13392
13395
13396
13400
13401
13402
13403
13405
13414
13415
13416
13417
13418
13419
13421
13422
13423
13425
13428
13430
13432
13435
13436
13439
13441
13442
13446
13447
13448
13450
13451
13453
13455
13456
13458
13459
13461
13462
13463
13466
13468
13470
13472
13473
13476
13478
13480
13482
13483
13484
13485
13489
13492
13494
13495
13497
13498
13500
13501
13502
13506
13507
13509
13510
13511
13512
13513
13514
13518
13520
13522
13523
13524
13525
13527
13532
13534
13538
13539
13540
13542
13543
13544
13545
13546
13548
13549
13550
13553
13556
13560
13563
13565
13566
13567
13569
13570
13571
13572
13573
13574
13575
13577
13580
13583
13585
13586
13587
13589
13591
13592
13593
13596
13598
13599
13601
13603
13604
13606
13607
13609
13610
13612
13613
13616
13620
13622
13624
13627
13629
13630
13637
13639
13644
13645
13646
13649
13650
13652
13653
13657
13660
13661
13663
13664
13668
13670
13671
13672
13673
13674
13675
13677
13678
13679
13680
13681
13683
13684
13688
13689
13691
13698
13703
13705
13706
13707
13708
13709
13712
13713
13715
13717
13722
13723
13724
13726
13728
13729
13731
13732
13733
13734
13735
13737
13739
13742
13743
13744
13745
13746
13748
13750
13752
13755
13756
13758
13759
13760
13772
13773
13775
13778
13781
13783
13784
13785
13786
13789
13791
13793
13795
13797
13798
13801
13802
13805
13807
13808
13809
13810
13811
13815
13817
13819
13822
13824
13829
13830
13831
13832
13833
13834
13835
13836
13839
13840
13842
13843
13846
13848
13851
13852
13853
13856
13857
13858
13859
13860
13862
13864
13866
13868
13870
13873
13874
13875
13876
13879
13883
13884
13885
13887
13891
13892
13894
13897
13902
13905
13906
13907
13908
13910
13911
13914
13918
13919
13920
13921
13922
13923
13924
13925
13926
13928
13931
13932
13935
13939
13942
13943
13944
13946
13947
13949
13951
13952
13954
13955
13956
13959
13960
13962
13963
13965
13966
13967
13968
13969
13975
13977
13979
13981
13982
13983
13986
13988
13990
13991
13993
13994
13995
13998
14000
14002
14004
14006
14007
14008
14009
14011
14015
14017
14019
14020
14021
14023
14024
14025
14026
14027
14028
14029
14030
14031
14033
14036
14041
14043
14044
14046
14049
14050
14051
14053
14055
14057
14062
14066
14067
14068
14069
14070
14071
14073
14074
14075
14079
14080
14085
14086
14087
14092
14093
14094
14095
14100
14104
14106
14107
14108
14111
14113
14117
14118
14123
14125
14127
14128
14131
14132
14135
14137
14138
14139
14140
14141
14143
14146
14147
14148
14149
14151
14153
14155
14157
14158
14159
14160
14162
14163
14164
14166
14167
14168
14169
14172
14173
14176
14177
14179
14181
14184
14185
14187
14188
14191
14193
14194
14195
14197
14204
14205
14209
14210
14212
14213
14214
14215
14220
14223
14227
14228
14231
14233
14234
14235
14236
14237
14241
14244
14245
14248
14255
14257
14258
14263
14264
14267
14271
14272
14274
14276
14279
14280
14284
14286
14287
14289
14291
14293
14296
14299
14300
14302
14303
14312
14314
14316
14317
14319
14320
14321
14322
14323
14324
14326
14331
14338
14340
14341
14342
14344
14345
14348
14349
14350
14351
14352
14353
14354
14356
14358
14359
14360
14361
14363
14365
14370
14373
14382
14383
14384
14388
14392
14393
14396
14398
14399
14400
14401
14402
14403
14404
14406
14409
14411
14412
14416
14417
14419
14420
14421
14422
14424
14428
14433
14434
14435
14436
14437
14439
14441
14442
14444
14451
14453
14455
14456
14458
14462
14464
14465
14466
14467
14468
14472
14474
14476
14479
14482
14483
14485
14487
14488
14491
14494
14495
14496
14498
14499
14500
14502
14503
14504
14505
14508
14509
14511
14512
14513
14514
14516
14518
14519
14520
14521
14522
14523
14526
14527
14528
14530
14533
14534
14535
14537
14538
14540
14541
14543
14546
14549
14552
14553
14555
14557
14558
14561
14563
14564
14565
14566
14567
14568
14569
14571
14578
14580
14582
14583
14585
14586
14587
14589
14592
14595
14596
14597
14598
14599
14601
14602
14605
14607
14610
14611
14612
14613
14614
14615
14616
14617
14618
14623
14624
14625
14628
14629
14633
14634
14635
14645
14646
14647
14648
14650
14651
14653
14654
14657
14658
14661
14662
14663
14664
14666
14667
14668
14670
14674
14675
14678
14679
14681
14682
14684
14685
14687
14689
14690
14695
14698
14699
14700
14701
14702
14703
14704
14705
14706
14711
14714
14715
14716
14717
14719
14720
14721
14723
14725
14727
14728
14729
14730
14733
14734
14736
14741
14742
14743
14744
14745
14747
14753
14757
14758
14762
14766
14771
14774
14775
14776
14779
14780
14783
14784
14785
14786
14787
14788
14793
14795
14796
14800
14802
14803
14804
14806
14807
14809
14813
14815
14816
14818
14822
14825
14826
14827
14828
14829
14830
14835
14836
14837
14838
14839
14843
14844
14845
14848
14851
14852
14853
14857
14861
14863
14866
14867
14868
14869
14870
14872
14873
14874
14875
14876
14877
14881
14882
14885
14886
14887
14892
14895
14901
14903
14904
14905
14906
14908
14910
14911
14912
14914
14915
14916
14917
14919
14920
14921
14922
14923
14926
14927
14928
14931
14932
14933
14936
14938
14941
14942
14943
14944
14945
14946
14949
14952
14953
14954
14956
14958
14959
14960
14963
14967
14972
14973
14976
14980
14983
14985
14986
14989
14992
15003
15004
15009
15012
15013
15015
15018
15020
15021
15022
15024
15027
15029
15030
15031
15039
15041
15046
15047
15050
15051
15053
15056
15057
15059
15065
15069
15072
15073
15074
15075
15076
15077
15079
15080
15082
15085
15087
15088
15090
15092
15095
15098
15104
15106
15107
15109
15110
15112
15113
15114
15115
15119
15122
15125
15128
15132
15134
15135
15136
15140
15146
15147
15149
15150
15153
15156
15159
15160
15161
15164
15167
15171
15180
15181
15185
15189
15193
15195
15197
15199
15201
15203
15209
15212
15215
15216
15217
15220
15231
15236
15239
15240
15241
15243
15244
15246
15247
15251
15252
15253
15254
15255
15257
15259
15262
15264
15265
15269
15270
15274
15276
15278
15279
15280
15281
15282
15283
15287
15291
15292
15293
15294
15300
15301
15302
15303
15304
15305
15306
15308
15313
15315
15316
15317
15321
15324
15326
15327
15330
15331
15332
15333
15334
15335
15336
15337
15338
15339
15340
15343
15344
15345
15347
15351
15354
15357
15360
15361
15362
15363
15364
15365
15366
15368
15369
15370
15371
15374
15375
15377
15379
15380
15381
15383
15384
15389
15390
15391
15393
15394
15398
15399
15401
15407
15408
15409
15410
15412
15416
15418
15420
15422
15423
15424
15425
15427
15429
15430
15436
15439
15441
15444
15445
15446
15449
15450
15457
15459
15461
15465
15468
15470
15472
15478
15479
15481
15482
15483
15484
15485
15486
15487
15488
15490
15491
15492
15501
15505
15507
15508
15509
15511
15512
15513
15517
15518
15519
15520
15523
15524
15525
15526
15527
15528
15529
15532
15533
15535
15536
15539
15540
15541
15542
15544
15550
15553
15555
15556
15557
15560
15561
15564
15565
15566
15567
15568
15569
15571
15573
15574
15576
15577
15579
15580
15583
15584
15585
15589
15590
15592
15594
15597
15600
15601
15602
15605
15607
15610
15611
15612
15613
15615
15617
15624
15625
15630
15631
15632
15633
15634
15635
15637
15638
15640
15642
15643
15646
15647
15650
15651
15653
15654
15655
15656
15659
15660
15662
15663
15666
15667
15668
15669
15671
15675
15679
15680
15682
15683
15685
15687
15689
15691
15692
15694
15698
15701
15702
15704
15705
15706
15710
15711
15712
15713
15714
15715
15716
15717
15721
15723
15724
15725
15726
15729
15730
15731
15732
15740
15742
15747
15748
15749
15751
15754
15755
15759
15760
15761
15763
15765
15769
15770
15771
15772
15773
15774
15775
15778
15779
15780
15781
15783
15785
15787
15792
15795
15796
15797
15801
15808
15810
15813
15814
15817
15819
15821
15824
15825
15828
15830
15831
15832
15833
15834
15836
15837
15838
15839
15841
15843
15845
15846
15849
15850
15852
15853
15859
15860
15862
15866
15867
15874
15875
15876
15877
15878
15881
15884
15885
15887
15892
15894
15895
15900
15902
15906
15908
15910
15911
15913
15917
15921
15926
15927
15928
15929
15930
15936
15937
15939
15941
15942
15944
15946
15947
15949
15952
15953
15954
15957
15961
15963
15965
15970
15972
15973
15975
15976
15978
15980
15981
15983
15986
15987
15988
15991
15994
15995
15997
15999
16002
16003
16004
16005
16008
16011
16013
16015
16016
16019
16020
16021
16022
16024
16027
16029
16030
16032
16033
16039
16040
16041
16042
16043
16044
16050
16051
16052
16056
16059
16062
16065
16067
16069
16070
16071
16073
16074
16075
16076
16082
16087
16093
16094
16099
16101
16102
16104
16105
16112
16113
16115
16117
16118
16119
16124
16125
16126
16128
16129
16130
16131
16132
16137
16138
16140
16142
16143
16145
16146
16148
16149
16150
16151
16154
16155
16156
16157
16158
16163
16164
16165
16168
16169
16171
16173
16175
16176
16177
16178
16183
16187
16188
16190
16192
16193
16195
16196
16198
16199
16201
16206
16207
16210
16211
16213
16215
16216
16218
16219
16221
16223
16225
16233
16234
16236
16237
16240
16243
16244
16246
16247
16249
16250
16251
16252
16253
16255
16259
16260
16262
16263
16264
16265
16268
16271
16275
16276
16279
16282
16283
16284
16285
16287
16289
16290
16291
16294
16295
16296
16297
16299
16300
16301
16302
16305
16307
16309
16310
16312
16313
16314
16317
16323
16324
16325
16326
16330
16334
16336
16337
16340
16341
16342
16343
16345
16347
16350
16352
16353
16354
16355
16356
16358
16359
16360
16362
16367
16368
16370
16371
16374
16376
16378
16379
16380
16382
16387
16391
16393
16394
16395
16396
16398
16401
16402
16404
16405
16409
16410
16411
16415
16416
16419
16420
16421
16422
16424
16425
16428
16429
16432
16433
16434
16435
16438
16439
16441
16442
16446
16447
16449
16450
16451
16453
16455
16456
16457
16458
16460
16461
16464
16465
16469
16471
16474
16477
16478
16481
16482
16483
16485
16488
16491
16495
16497
16498
16499
16501
16504
16505
16512
16513
16515
16516
16521
16522
16523
16525
16528
16529
16530
16531
16532
16533
16535
16537
16538
16539
16540
16541
16542
16544
16545
16547
16548
16551
16552
16553
16554
16555
16557
16560
16561
16562
16563
16564
16565
16567
16568
16570
16571
16572
16574
16575
16579
16581
16582
16583
16587
16596
16597
16601
16604
16605
16606
16608
16609
16611
16613
16616
16617
16619
16620
16621
16622
16623
16625
16627
16628
16630
16633
16635
16638
16642
16644
16645
16646
16647
16648
16650
16651
16652
16653
16656
16658
16662
16664
16666
16667
16670
16671
16674
16675
16676
16677
16679
16681
16688
16690
16692
16693
16695
16697
16698
16699
16701
16702
16705
16706
16709
16712
16714
16716
16718
16719
16720
16721
16723
16724
16725
16727
16729
16730
16732
16734
16735
16736
16739
16740
16741
16745
16749
16755
16760
16762
16763
16765
16766
16767
16770
16776
16777
16780
16783
16784
16787
16790
16791
16792
16793
16797
16799
16801
16804
16807
16808
16809
16810
16811
16812
16813
16817
16820
16821
16822
16824
16825
16827
16829
16830
16831
16836
16838
16840
16841
16845
16850
16851
16852
16855
16858
16859
16860
16861
16862
16864
16867
16871
16872
16873
16874
16876
16878
16880
16881
16886
16889
16890
16892
16893
16896
16897
16898
16901
16902
16903
16905
16906
16907
16911
16913
16915
16919
16921
16922
16927
16929
16932
16933
16934
16936
16937
16938
16939
16941
16946
16947
16950
16951
16952
16954
16955
16959
16962
16963
16965
16966
16970
16972
16973
16975
16976
16977
16978
16980
16983
16985
16987
16988
16991
16992
16994
16996
16997
16998
16999
17001
17002
17003
17007
17008
17010
17013
17016
17017
17018
17019
17020
17022
17023
17024
17025
17027
17030
17031
17033
17034
17038
17040
17041
17044
17046
17047
17051
17052
17056
17057
17058
17059
17060
17061
17063
17065
17066
17067
17069
17071
17072
17074
17077
17080
17086
17087
17088
17089
17090
17092
17095
17096
17097
17099
17100
17101
17102
17106
17107
17108
17110
17112
17113
17114
17115
17118
17120
17122
17123
17124
17125
17126
17129
17130
17131
17132
17143
17145
17147
17150
17152
17153
17156
17165
17167
17168
17171
17172
17173
17174
17176
17180
17183
17184
17185
17187
17188
17190
17195
17196
17197
17198
17199
17202
17204
17206
17207
17208
17209
17210
17211
17212
17215
17223
17225
17226
17227
17231
17232
17234
17236
17238
17239
17240
17241
17242
17243
17245
17247
17248
17249
17253
17256
17257
17258
17264
17265
17266
17268
17270
17272
17273
17274
17276
17277
17281
17287
17289
17291
17292
17293
17294
17297
17299
17301
17302
17304
17308
17309
17310
17315
17317
17318
17321
17323
17324
17326
17327
17328
17329
17330
17332
17334
17338
17339
17340
17350
17353
17356
17359
17360
17361
17364
17365
17368
17369
17370
17371
17373
17374
17378
17380
17383
17384
17386
17389
17391
17392
17394
17395
17397
17400
17403
17404
17405
17406
17411
17415
17416
17417
17420
17422
17423
17424
17426
17428
17429
17430
17433
17437
17439
17441
17442
17443
17445
17449
17451
17452
17453
17455
17457
17459
17463
17465
17466
17467
17469
17471
17472
17474
17476
17477
17478
17479
17480
17482
17483
17484
17485
17487
17488
17490
17491
17495
17497
17500
17501
17502
17503
17506
17508
17509
17510
17511
17512
17513
17515
17518
17520
17523
17525
17527
17529
17531
17533
17537
17538
17539
17540
17541
17544
17546
17549
17554
17555
17558
17560
17562
17563
17564
17566
17567
17568
17570
17572
17574
17580
17583
17586
17589
17590
17594
17595
17599
17600
17602
17605
17606
17611
17612
17614
17618
17619
17621
17625
17626
17628
17629
17630
17631
17632
17634
17635
17636
17638
17640
17643
17644
17646
17649
17652
17653
17654
17656
17659
17660
17663
17664
17665
17666
17668
17670
17672
17673
17674
17676
17677
17678
17680
17682
17683
17684
17686
17687
17689
17692
17695
17700
17704
17705
17709
17712
17713
17714
17717
17719
17720
17723
17724
17725
17726
17727
17729
17730
17734
17735
17737
17738
17744
17746
17747
17749
17751
17752
17753
17754
17755
17756
17758
17759
17760
17763
17765
17767
17768
17770
17771
17773
17774
17775
17776
17778
17781
17782
17783
17784
17785
17787
17788
17789
17793
17794
17796
17800
17801
17802
17803
17804
17806
17811
17812
17816
17817
17820
17823
17825
17827
17829
17830
17831
17832
17833
17834
17835
17839
17840
17843
17844
17847
17848
17849
17850
17852
17853
17856
17861
17862
17863
17864
17866
17867
17869
17871
17872
17873
17875
17876
17877
17879
17880
17881
17883
17888
17891
17894
17898
17901
17903
17904
17907
17908
17912
17916
17917
17918
17920
17922
17924
17925
17926
17928
17931
17932
17934
17935
17937
17939
17940
17941
17942
17943
17947
17949
17951
17952
17955
17957
17958
17959
17960
17961
17963
17964
17965
17966
17968
17969
17971
17974
17976
17977
17978
17979
17980
17981
17982
17983
17985
17986
17987
17988
17989
17990
17993
17994
17998
17999
18000
18003
18004
18005
18008
18010
18011
18012
18013
18016
18018
18019
18021
18023
18025
18028
18029
18030
18035
18036
18038
18040
18043
18045
18047
18048
18051
18053
18055
18059
18060
18061
18063
18064
18069
18073
18074
18075
18080
18081
18087
18089
18090
18093
18096
18098
18100
18101
18103
18107
18110
18114
18117
18118
18119
18120
18125
18126
18127
18129
18131
18132
18137
18140
18141
18142
18143
18144
18145
18149
18153
18154
18157
18158
18159
18160
18161
18162
18163
18165
18166
18167
18168
18169
18170
18172
18173
18175
18176
18179
18180
18181
18182
18184
18187
18188
18191
18192
18193
18197
18200
18201
18202
18204
18205
18207
18209
18211
18213
18215
18216
18217
18218
18221
18223
18224
18225
18226
18227
18228
18229
18230
18232
18233
18238
18239
18240
18241
18243
18244
18245
18246
18248
18250
18251
18252
18254
18255
18257
18258
18263
18264
18265
18268
18269
18270
18273
18278
18280
18284
18285
18290
18291
18295
18298
18299
18300
18301
18306
18307
18311
18312
18314
18316
18317
18318
18319
18322
18323
18324
18327
18330
18332
18345
18346
18350
18351
18354
18355
18356
18364
18367
18368
18372
18373
18377
18379
18381
18383
18386
18387
18391
18392
18394
18398
18400
18401
18403
18407
18408
18409
18412
18414
18416
18418
18420
18421
18422
18428
18431
18432
18434
18435
18437
18438
18439
18441
18442
18444
18451
18456
18458
18459
18460
18461
18466
18467
18468
18469
18470
18472
18473
18474
18475
18478
18481
18487
18489
18490
18491
18492
18493
18494
18496
18497
18500
18501
18504
18506
18507
18508
18510
18511
18515
18517
18518
18519
18521
18523
18525
18526
18527
18531
18533
18535
18536
18537
18538
18539
18540
18541
18543
18544
18546
18547
18548
18553
18556
18558
18559
18561
18563
18565
18567
18569
18570
18571
18572
18574
18575
18576
18578
18579
18580
18583
18588
18589
18591
18592
18593
18595
18596
18597
18599
18600
18602
18605
18606
18607
18608
18609
18610
18611
18612
18613
18615
18617
18619
18620
18623
18624
18627
18628
18629
18630
18631
18634
18635
18637
18638
18639
18642
18644
18649
18652
18653
18655
18656
18657
18658
18659
18661
18662
18663
18664
18667
18669
18670
18672
18675
18676
18678
18679
18680
18684
18685
18686
18687
18688
18691
18692
18695
18696
18697
18698
18701
18702
18703
18709
18710
18711
18712
18714
18715
18716
18720
18721
18724
18726
18727
18732
18733
18734
18735
18737
18744
18745
18746
18748
18749
18753
18756
18757
18758
18760
18762
18765
18766
18767
18768
18769
18771
18773
18774
18775
18776
18780
18783
18785
18789
18791
18792
18795
18796
18797
18798
18799
18802
18803
18805
18807
18810
18811
18812
18814
18815
18816
18819
18829
18834
18835
18839
18840
18842
18846
18847
18848
18849
18850
18853
18855
18857
18861
18862
18864
18865
18870
18871
18873
18874
18876
18877
18879
18881
18884
18885
18887
18888
18892
18894
18896
18897
18898
18899
18900
18901
18902
18903
18904
18905
18906
18907
18908
18909
18911
18912
18913
18914
18915
18916
18919
18924
18928
18930
18932
18933
18935
18936
18937
18940
18941
18942
18943
18946
18947
18948
18949
18951
18952
18956
18957
18962
18963
18966
18967
18968
18969
18970
18971
18972
18974
18976
18978
18979
18980
18982
18983
18984
18986
18987
18988
18989
18991
18993
18995
18996
18997
18998
18999
19000
19001
19003
19005
19006
19009
19010
19012
19013
19017
19019
19022
19023
19028
19032
19035
19037
19039
19045
19046
19047
19049
19050
19051
19053
19060
19063
19066
19075
19079
19080
19081
19083
19086
19087
19088
19089
19092
19093
19094
19096
19098
19100
19101
19102
19103
19104
19107
19108
19113
19116
19118
19120
19123
19125
19128
19129
19130
19131
19134
19135
19138
19139
19146
19150
19151
19152
19153
19154
19155
19159
19161
19164
19166
19167
19168
19169
19170
19172
19177
19178
19179
19180
19182
19184
19185
19186
19187
19188
19191
19195
19196
19197
19198
19199
19200
19202
19204
19205
19206
19208
19209
19210
19211
19213
19215
19217
19219
19220
19222
19224
19227
19229
19231
19232
19234
19236
19238
19242
19243
19244
19245
19247
19248
19251
19252
19255
19257
19260
19261
19263
19264
19265
19269
19270
19277
19278
19282
19285
19287
19289
19290
19293
19296
19299
19300
19302
19304
19305
19306
19307
19308
19309
19315
19319
19321
19322
19323
19327
19328
19330
19331
19333
19334
19336
19338
19339
19342
19343
19345
19346
19347
19350
19351
19353
19354
19355
19358
19360
19361
19364
19366
19370
19371
19373
19376
19377
19378
19379
19381
19384
19393
19398
19401
19402
19404
19406
19410
19413
19416
19417
19424
19426
19430
19431
19433
19435
19436
19437
19438
19439
19442
19445
19450
19451
19455
19457
19458
19459
19461
19462
19463
19464
19465
19468
19469
19474
19475
19476
19477
19478
19481
19484
19485
19488
19490
19491
19494
19495
19496
19498
19502
19505
19510
19511
19513
19515
19519
19520
19521
19522
19525
19527
19529
19531
19532
19533
19536
19539
19540
19541
19542
19545
19546
19547
19549
19550
19551
19554
19556
19557
19559
19560
19563
19565
19566
19567
19568
19569
19570
19572
19574
19575
19578
19579
19581
19584
19585
19586
19587
19588
19589
19590
19592
19593
19594
19598
19599
19600
19603
19604
19605
19607
19608
19609
19610
19611
19613
19614
19615
19616
19620
19621
19624
19628
19630
19631
19633
19634
19639
19642
19644
19646
19647
19648
19651
19652
19654
19655
19656
19657
19659
19660
19662
19670
19671
19673
19675
19676
19679
19681
19685
19687
19688
19690
19691
19692
19694
19695
19697
19699
19700
19701
19704
19705
19706
19709
19710
19714
19718
19720
19721
19722
19723
19732
19733
19734
19737
19743
19744
19745
19746
19747
19751
19752
19753
19755
19756
19759
19762
19764
19767
19768
19771
19773
19774
19775
19777
19778
19783
19785
19788
19790
19794
19797
19802
19803
19804
19805
19808
19810
19811
19812
19813
19814
19816
19818
19822
19825
19827
19828
19829
19831
19832
19838
19841
19842
19844
19845
19846
19847
19849
19852
19853
19855
19859
19860
19861
19862
19869
19870
19872
19873
19874
19876
19877
19879
19880
19882
19883
19889
19890
19897
19898
19899
19901
19905
19907
19908
19913
19914
19915
19918
19919
19924
19925
19927
19929
19930
19933
19934
19938
19940
19942
19943
19945
19947
19948
19949
19950
19951
19952
19955
19958
19959
19960
19962
19963
19965
19966
19967
19968
19969
19973
19974
19975
19978
19979
19980
19982
19983
19985
19987
19988
19989
19990
19995
19997
