1360
1381
1651
1654
1967
2017
2121
2139
2178
2472
2473
2524
2553
2554
2559
2602
2614
2800
2816
2835
2851
3073
3239
3253
3265
3341
3391
3435
3484
3650
3672
3801
3888
3935
3945
4024
4067
4085
4116
4139
4154
4173
4197
4219
4360
4410
4432
4452
4474
4583
4587
4712
4746
4818
4875
4912
4929
5014
5023
5047
5133
5147
5261
5291
5367
5395
5438
5446
5456
5501
5645
5647
5794
5804
5947
5980
6232
6298
6357
6392
6651
6661
6753
6782
6796
6973
7015
7041
7181
7194
7293
7302
7443
7476
7553
7785
7930
8027
8075
8091
8235
8286
8521
8695
9109
9283
9327
9387
9531
9760
9767
9850
9854
9953
9965
10205
10738
10944
11123
11379
11498
11839
11926
11932
11948
12023
12038
12094
12098
12126
12407
12416
12478
12559
12611
12693
13021
13205
13251
13299
13536
14163
14484
15292
16281
16625
17500
17763
18557
18574
19408
