1477
1981
2183
2328
2367
2434
2479
2633
2811
3357
3418
3522
3635
3637
3676
3755
4036
4052
4083
4159
4368
4407
4486
4489
4624
4661
4668
4747
4885
4935
4943
4947
4972
4973
4974
4978
5209
5418
5486
5770
5902
5905
5991
6027
6042
6083
6131
6151
6174
6176
6229
6261
6299
6396
6469
6521
6546
6839
6944
7135
7234
7399
7568
7608
7773
7975
8048
8088
8099
8233
8261
8397
8454
8470
8750
8856
8864
8887
9004
9264
9575
10405
10500
10617
10669
10709
10723
11554
12081
12991
13155
13248
13269
13312
13589
13614
13714
14163
14312
16043
16902
17781
18012
18101
18886
18890
19326
