259
633
1020
1165
1528
1773
2009
2027
2086
2264
2382
2587
2612
2838
3226
3343
3914
4544
4693
4761
4925
5027
5640
5645
5658
5798
5840
6631
6691
6726
7089
7150
7308
7607
7745
7832
7846
7892
8327
8716
8742
8880
9150
9616
9855
9858
10211
10777
10786
12079
12628
13111
13347
13437
13450
13581
13665
14426
14784
15194
15312
15321
15374
15382
16139
16244
16468
16843
16988
17390
17886
17906
17940
19359
19472
19551
19673
19717
20000
20229
20447
20722
20886
21021
21177
21314
21726
21848
22119
22922
23213
23370
23709
23788
24200
24482
24602
24667
24764
25089
25124
25135
25260
25302
25579
25759
26340
26497
26654
26809
26906
26912
27109
27309
27704
27797
27917
27948
28109
28152
28222
28469
28674
29083
29211
29281
29321
29440
29488
29757
29778
29812
30048
30180
31260
32007
32252
32567
32603
32628
32680
32774
33121
33173
33313
33438
33500
33522
33594
33700
33990
34073
34102
34217
34467
34578
34584
34719
34722
35526
36696
36910
37172
38858
39179
39694
40252
40945
41433
41768
41917
41949
41991
42236
42298
42390
42486
42763
43026
43095
43131
43227
43229
43361
43372
43377
43468
43600
44362
45092
45812
46720
47507
47614
47698
47797
48886
49045
49580
49788
50286
50298
50485
50605
50617
50662
51605
51645
51852
52160
52250
52282
52357
52564
52787
53096
53310
53327
53529
53607
54174
54291
54353
54573
54831
54995
55106
55510
55543
55888
55938
55989
56026
56195
56201
56355
56515
57018
57044
57112
57425
57726
58215
58292
58396
58493
58733
58896
59693
59694
61186
61372
61749
62260
62833
62858
62999
63312
63531
63596
63628
64107
64170
64377
64926
65372
65487
65636
66079
66270
66293
66908
67192
67760
68237
68316
68321
68322
68471
68832
68898
68909
68919
69520
69556
69599
70198
70257
70472
70851
70942
71068
71245
71569
71767
71863
72165
72207
72663
72699
72755
72864
73317
73622
73673
74235
74344
74568
74790
74899
75250
75368
75810
75924
75943
76041
76149
76306
76453
76467
76855
77193
77270
77615
77687
77739
77875
78053
78172
78680
79372
79405
79477
79679
79702
80039
80104
80127
80293
80387
80553
80759
80762
80956
80995
81089
81107
81183
81306
81337
81496
81533
82289
82362
82412
82431
82479
82499
82836
82866
82913
82929
83076
83222
83227
83325
83635
83716
83747
84499
84515
84873
85281
85709
86043
86525
87051
87105
87179
87199
87301
87341
87560
87631
87689
87824
87916
88368
88473
88555
89165
89518
89930
90050
90455
90458
90813
90829
91051
91064
91226
91652
91833
91835
92069
92188
92822
92823
92842
92984
92987
93048
94048
94299
94342
94396
94884
94922
95096
96242
96566
97074
97411
97472
97561
97581
97640
98322
98376
98571
98971
99110
99129
99256
99317
99601
99731
