2301
8996
13122
17131
17217
18677
22316
22325
22360
24736
25262
25639
32627
32781
33135
35571
36991
38446
39527
39782
40523
41830
42837
43817
44361
44789
44904
45699
46882
48528
48619
48790
52615
52853
53732
53764
54159
54828
55044
55094
55223
56093
56153
56161
57693
58227
58547
59293
62189
62411
63280
65225
65694
65865
67794
68359
69989
70091
70590
70852
70979
72029
72384
77176
77483
79353
79390
83262
83432
83819
84387
85737
86806
86890
88107
88155
88491
89028
89344
89682
90294
90602
94180
94508
95716
96132
97528
99845
