1058
1165
1235
5515
7415
8077
8439
9609
10192
12029
13416
13680
14902
15808
16650
17228
17993
18189
18384
18523
19642
20313
21523
23432
23692
24073
24815
25494
27208
27261
27492
27607
27622
28593
28702
29146
29174
29462
31869
32469
32715
34115
34961
35753
36261
36304
36341
37405
37422
38440
39385
39965
41449
41515
41584
41800
41862
41894
42412
43574
43986
44533
44752
44768
44940
45613
46298
46458
46810
48500
50107
51100
51373
51917
52409
53001
53581
53746
53818
54351
56017
57021
57097
57419
57573
59327
60541
61591
61844
61939
62261
63178
63482
63619
63689
63809
63939
64073
64761
64839
65159
67574
68913
69673
70287
70349
72363
73018
73074
74069
74194
74860
74972
75239
75543
75726
76009
76023
76487
76565
76603
76604
77288
77511
78350
79834
80980
81446
81849
82099
82385
82444
82790
83032
83117
83155
83355
83432
83517
83692
83763
83965
84153
84207
84364
86056
86177
86789
87179
87674
87838
88409
88681
89680
90324
93013
93650
93858
94147
94322
95551
95562
96430
97468
97700
98096
98760
98821
99551
99553
99908
99922
